5.106791e+02
5.198432e+02
5.150560e+02
5.121151e+02
5.078554e+02
5.038779e+02
4.963190e+02
4.839809e+02
4.782167e+02
4.689000e+02
4.544867e+02
4.478685e+02
4.375089e+02
4.308669e+02
4.286126e+02
4.295018e+02
4.274553e+02
4.224171e+02
4.207858e+02
4.228602e+02
4.151293e+02
4.105570e+02
4.110511e+02
4.117211e+02
4.099718e+02
4.073433e+02
4.054160e+02
4.057105e+02
4.066050e+02
4.034848e+02
4.025530e+02
4.010886e+02
4.024313e+02
3.960095e+02
3.974765e+02
3.952829e+02
3.928696e+02
3.937533e+02
3.885692e+02
3.873901e+02
3.834048e+02
3.871806e+02
3.773953e+02
3.813607e+02
3.765647e+02
3.749773e+02
3.735162e+02
3.701139e+02
3.678220e+02
3.662457e+02
3.637486e+02
3.644547e+02
3.620262e+02
3.631946e+02
3.594568e+02
3.600891e+02
3.635334e+02
3.647588e+02
3.595419e+02
3.670618e+02
3.691980e+02
3.708539e+02
3.675618e+02
