# Temperatura_=_85.3
# Concentracion g/m^3_=_33330.0
# C_Vs_to_Am_M_A/Vsm_=_65563218390.804596
# pendiente_HvsI_1/m_=_3716.3
# ordenada_HvsI_A/m_=_1297.0
# frecuencia_Hz_=_301696.240485733

Tiempo_(s)	Campo_(V.s)	Magnetizacion_(V.s)	Campo_(kA/m)	Magnetizacion_(A/m)
0.000000e+00	-8.223464e-06	-1.891451e-08	-5.756173e+01	-1.242825e+03
1.000000e-08	-8.220662e-06	-1.891609e-08	-5.754211e+01	-1.242261e+03
2.000000e-08	-8.215106e-06	-1.890996e-08	-5.750323e+01	-1.241572e+03
3.000000e-08	-8.206970e-06	-1.890108e-08	-5.744628e+01	-1.240946e+03
4.000000e-08	-8.196008e-06	-1.889298e-08	-5.736955e+01	-1.240485e+03
5.000000e-08	-8.182071e-06	-1.888388e-08	-5.727199e+01	-1.240142e+03
6.000000e-08	-8.165165e-06	-1.886630e-08	-5.715365e+01	-1.239757e+03
7.000000e-08	-8.145646e-06	-1.883163e-08	-5.701703e+01	-1.239142e+03
8.000000e-08	-8.123771e-06	-1.883703e-08	-5.686391e+01	-1.238197e+03
9.000000e-08	-8.098838e-06	-1.890595e-08	-5.668939e+01	-1.236970e+03
1.000000e-07	-8.070496e-06	-1.888753e-08	-5.649100e+01	-1.235628e+03
1.100000e-07	-8.039121e-06	-1.882233e-08	-5.627139e+01	-1.234370e+03
1.200000e-07	-8.004824e-06	-1.880135e-08	-5.603132e+01	-1.233313e+03
1.300000e-07	-7.967771e-06	-1.879651e-08	-5.577195e+01	-1.232425e+03
1.400000e-07	-7.928433e-06	-1.872950e-08	-5.549660e+01	-1.231541e+03
1.500000e-07	-7.886714e-06	-1.866917e-08	-5.520458e+01	-1.230459e+03
1.600000e-07	-7.842167e-06	-1.873520e-08	-5.489277e+01	-1.229052e+03
1.700000e-07	-7.794861e-06	-1.865189e-08	-5.456164e+01	-1.227345e+03
1.800000e-07	-7.744786e-06	-1.866906e-08	-5.421113e+01	-1.225505e+03
1.900000e-07	-7.691608e-06	-1.867475e-08	-5.383890e+01	-1.223741e+03
2.000000e-07	-7.635504e-06	-1.856473e-08	-5.344619e+01	-1.222184e+03
2.100000e-07	-7.576609e-06	-1.857524e-08	-5.303394e+01	-1.220793e+03
2.200000e-07	-7.515025e-06	-1.852056e-08	-5.260287e+01	-1.219366e+03
2.300000e-07	-7.450827e-06	-1.853130e-08	-5.215351e+01	-1.217631e+03
2.400000e-07	-7.383728e-06	-1.848343e-08	-5.168383e+01	-1.215385e+03
2.500000e-07	-7.313871e-06	-1.842372e-08	-5.119485e+01	-1.212611e+03
2.600000e-07	-7.241293e-06	-1.839361e-08	-5.068684e+01	-1.209487e+03
2.700000e-07	-7.165860e-06	-1.833930e-08	-5.015882e+01	-1.206302e+03
2.800000e-07	-7.087629e-06	-1.831009e-08	-4.961124e+01	-1.203308e+03
2.900000e-07	-7.006581e-06	-1.823237e-08	-4.904392e+01	-1.200583e+03
3.000000e-07	-6.923058e-06	-1.821621e-08	-4.845929e+01	-1.197993e+03
3.100000e-07	-6.837330e-06	-1.818477e-08	-4.785922e+01	-1.195263e+03
3.200000e-07	-6.749249e-06	-1.813077e-08	-4.724267e+01	-1.192120e+03
3.300000e-07	-6.658705e-06	-1.807070e-08	-4.660890e+01	-1.188451e+03
3.400000e-07	-6.565728e-06	-1.798282e-08	-4.595808e+01	-1.184357e+03
3.500000e-07	-6.470410e-06	-1.794165e-08	-4.529089e+01	-1.180109e+03
3.600000e-07	-6.372725e-06	-1.789948e-08	-4.460712e+01	-1.175994e+03
3.700000e-07	-6.272748e-06	-1.784439e-08	-4.390731e+01	-1.172162e+03
3.800000e-07	-6.170592e-06	-1.776917e-08	-4.319225e+01	-1.168532e+03
3.900000e-07	-6.066202e-06	-1.770968e-08	-4.246156e+01	-1.164835e+03
4.000000e-07	-5.959555e-06	-1.765098e-08	-4.171506e+01	-1.160748e+03
4.100000e-07	-5.850780e-06	-1.757058e-08	-4.095367e+01	-1.156075e+03
4.200000e-07	-5.739920e-06	-1.749072e-08	-4.017768e+01	-1.150856e+03
4.300000e-07	-5.626803e-06	-1.741407e-08	-3.938590e+01	-1.145349e+03
4.400000e-07	-5.511413e-06	-1.735724e-08	-3.857820e+01	-1.139899e+03
4.500000e-07	-5.394022e-06	-1.728711e-08	-3.775650e+01	-1.134746e+03
4.600000e-07	-5.274686e-06	-1.719680e-08	-3.692119e+01	-1.129885e+03
4.700000e-07	-5.153362e-06	-1.709859e-08	-3.607196e+01	-1.125061e+03
4.800000e-07	-5.030139e-06	-1.701161e-08	-3.520944e+01	-1.119888e+03
4.900000e-07	-4.905113e-06	-1.693413e-08	-3.433429e+01	-1.114050e+03
5.000000e-07	-4.778411e-06	-1.684460e-08	-3.344741e+01	-1.107469e+03
5.100000e-07	-4.649980e-06	-1.674019e-08	-3.254844e+01	-1.100351e+03
5.200000e-07	-4.519801e-06	-1.663409e-08	-3.163722e+01	-1.093072e+03
5.300000e-07	-4.387950e-06	-1.653483e-08	-3.071430e+01	-1.085983e+03
5.400000e-07	-4.254506e-06	-1.642711e-08	-2.978024e+01	-1.079212e+03
5.500000e-07	-4.119534e-06	-1.630149e-08	-2.883548e+01	-1.072590e+03
5.600000e-07	-3.983017e-06	-1.618009e-08	-2.787990e+01	-1.065734e+03
5.700000e-07	-3.845033e-06	-1.607127e-08	-2.691405e+01	-1.058249e+03
5.800000e-07	-3.705627e-06	-1.596256e-08	-2.593825e+01	-1.049936e+03
5.900000e-07	-3.564743e-06	-1.583127e-08	-2.495211e+01	-1.040901e+03
6.000000e-07	-3.422327e-06	-1.568677e-08	-2.395524e+01	-1.031493e+03
6.100000e-07	-3.278535e-06	-1.554838e-08	-2.294874e+01	-1.022107e+03
6.200000e-07	-3.133554e-06	-1.541359e-08	-2.193392e+01	-1.012955e+03
6.300000e-07	-2.987498e-06	-1.526894e-08	-2.091157e+01	-1.003929e+03
6.400000e-07	-2.840440e-06	-1.510600e-08	-1.988221e+01	-9.946474e+02
6.500000e-07	-2.692354e-06	-1.494517e-08	-1.884565e+01	-9.846468e+02
6.600000e-07	-2.543367e-06	-1.478691e-08	-1.780279e+01	-9.736367e+02
6.700000e-07	-2.393526e-06	-1.462055e-08	-1.675395e+01	-9.616613e+02
6.800000e-07	-2.242824e-06	-1.443316e-08	-1.569908e+01	-9.490765e+02
6.900000e-07	-2.091342e-06	-1.423765e-08	-1.463876e+01	-9.363446e+02
7.000000e-07	-1.939054e-06	-1.404521e-08	-1.357278e+01	-9.237522e+02
7.100000e-07	-1.786023e-06	-1.384949e-08	-1.250161e+01	-9.112108e+02
7.200000e-07	-1.632415e-06	-1.363771e-08	-1.142640e+01	-8.982587e+02
7.300000e-07	-1.478264e-06	-1.340516e-08	-1.034740e+01	-8.842816e+02
7.400000e-07	-1.323571e-06	-1.316884e-08	-9.264590e+00	-8.688373e+02
7.500000e-07	-1.168376e-06	-1.292952e-08	-8.178276e+00	-8.519054e+02
7.600000e-07	-1.012687e-06	-1.267648e-08	-7.088498e+00	-8.339037e+02
7.700000e-07	-8.566171e-07	-1.239869e-08	-5.996057e+00	-8.154358e+02
7.800000e-07	-7.002451e-07	-1.210632e-08	-4.901502e+00	-7.968869e+02
7.900000e-07	-5.436297e-07	-1.180541e-08	-3.805241e+00	-7.780864e+02
8.000000e-07	-3.868870e-07	-1.148511e-08	-2.708091e+00	-7.582482e+02
8.100000e-07	-2.300343e-07	-1.113213e-08	-1.610169e+00	-7.362627e+02
8.200000e-07	-7.309357e-08	-1.074772e-08	-5.116326e-01	-7.112147e+02
8.300000e-07	8.393435e-08	-1.033974e-08	5.875148e-01	-6.828408e+02
8.400000e-07	2.409715e-07	-9.897994e-09	1.686727e+00	-6.516096e+02
8.500000e-07	3.978965e-07	-9.403683e-09	2.785153e+00	-6.182530e+02
8.600000e-07	5.546760e-07	-8.839850e-09	3.882562e+00	-5.828466e+02
8.700000e-07	7.112489e-07	-8.200061e-09	4.978525e+00	-5.438119e+02
8.800000e-07	8.675542e-07	-7.456732e-09	6.072613e+00	-4.973547e+02
8.900000e-07	1.023534e-06	-6.553122e-09	7.164427e+00	-4.377737e+02
9.000000e-07	1.179159e-06	-5.399210e-09	8.253749e+00	-3.587635e+02
9.100000e-07	1.334351e-06	-3.857624e-09	9.340047e+00	-2.554219e+02
9.200000e-07	1.488952e-06	-1.812910e-09	1.042221e+01	-1.263159e+02
9.300000e-07	1.643010e-06	5.731299e-10	1.150057e+01	2.516352e+01
9.400000e-07	1.796584e-06	3.001705e-09	1.257554e+01	1.907555e+02
9.500000e-07	1.949602e-06	5.399148e-09	1.364661e+01	3.587509e+02
9.600000e-07	2.102047e-06	7.799315e-09	1.471368e+01	5.165194e+02
9.700000e-07	2.253792e-06	9.993131e-09	1.577586e+01	6.533654e+02
9.800000e-07	2.404590e-06	1.164017e-08	1.683140e+01	7.628079e+02
9.900000e-07	2.554376e-06	1.274712e-08	1.787985e+01	8.435890e+02
1.000000e-06	2.703165e-06	1.352413e-08	1.892132e+01	8.991731e+02
1.010000e-06	2.850941e-06	1.409091e-08	1.995572e+01	9.360316e+02
1.020000e-06	2.997717e-06	1.451971e-08	2.098310e+01	9.613955e+02
1.030000e-06	3.143468e-06	1.486511e-08	2.200331e+01	9.812693e+02
1.040000e-06	3.288146e-06	1.515730e-08	2.301602e+01	9.993014e+02
1.050000e-06	3.431661e-06	1.540518e-08	2.402058e+01	1.016716e+03
1.060000e-06	3.573843e-06	1.561711e-08	2.501581e+01	1.033085e+03
1.070000e-06	3.714553e-06	1.580664e-08	2.600073e+01	1.047449e+03
1.080000e-06	3.853815e-06	1.598502e-08	2.697553e+01	1.059253e+03
1.090000e-06	3.991702e-06	1.615134e-08	2.794069e+01	1.068764e+03
1.100000e-06	4.128142e-06	1.629967e-08	2.889573e+01	1.076913e+03
1.110000e-06	4.263071e-06	1.643507e-08	2.984019e+01	1.084775e+03
1.120000e-06	4.396484e-06	1.656474e-08	3.077404e+01	1.093046e+03
1.130000e-06	4.528266e-06	1.669139e-08	3.169648e+01	1.101780e+03
1.140000e-06	4.658446e-06	1.680930e-08	3.260769e+01	1.110484e+03
1.150000e-06	4.787004e-06	1.691696e-08	3.350756e+01	1.118497e+03
1.160000e-06	4.913839e-06	1.702244e-08	3.439537e+01	1.125388e+03
1.170000e-06	5.038944e-06	1.712991e-08	3.527107e+01	1.131193e+03
1.180000e-06	5.162281e-06	1.723030e-08	3.613438e+01	1.136367e+03
1.190000e-06	5.283822e-06	1.731764e-08	3.698514e+01	1.141510e+03
1.200000e-06	5.403390e-06	1.740093e-08	3.782208e+01	1.147042e+03
1.210000e-06	5.520821e-06	1.748775e-08	3.864406e+01	1.152998e+03
1.220000e-06	5.636153e-06	1.757426e-08	3.945135e+01	1.159043e+03
1.230000e-06	5.749432e-06	1.765150e-08	4.024426e+01	1.164692e+03
1.240000e-06	5.860630e-06	1.772167e-08	4.102262e+01	1.169584e+03
1.250000e-06	5.969746e-06	1.779108e-08	4.178639e+01	1.173680e+03
1.260000e-06	6.076781e-06	1.786175e-08	4.253560e+01	1.177270e+03
1.270000e-06	6.181658e-06	1.792880e-08	4.326971e+01	1.180799e+03
1.280000e-06	6.284280e-06	1.799030e-08	4.398804e+01	1.184625e+03
1.290000e-06	6.384483e-06	1.805075e-08	4.468942e+01	1.188832e+03
1.300000e-06	6.482364e-06	1.811152e-08	4.537457e+01	1.193197e+03
1.310000e-06	6.578022e-06	1.816982e-08	4.604414e+01	1.197332e+03
1.320000e-06	6.671372e-06	1.822147e-08	4.669756e+01	1.200900e+03
1.330000e-06	6.762406e-06	1.826868e-08	4.733477e+01	1.203797e+03
1.340000e-06	6.851036e-06	1.831578e-08	4.795515e+01	1.206204e+03
1.350000e-06	6.937288e-06	1.836459e-08	4.855889e+01	1.208479e+03
1.360000e-06	7.021123e-06	1.841031e-08	4.914571e+01	1.210963e+03
1.370000e-06	7.102433e-06	1.845140e-08	4.971485e+01	1.213800e+03
1.380000e-06	7.181194e-06	1.849285e-08	5.026616e+01	1.216873e+03
1.390000e-06	7.257262e-06	1.853708e-08	5.079861e+01	1.219875e+03
1.400000e-06	7.330550e-06	1.857978e-08	5.131160e+01	1.222485e+03
1.410000e-06	7.401236e-06	1.861430e-08	5.180638e+01	1.224541e+03
1.420000e-06	7.469312e-06	1.864476e-08	5.228289e+01	1.226121e+03
1.430000e-06	7.534673e-06	1.867754e-08	5.274040e+01	1.227494e+03
1.440000e-06	7.597405e-06	1.871175e-08	5.317951e+01	1.228972e+03
1.450000e-06	7.657540e-06	1.874149e-08	5.360044e+01	1.230741e+03
1.460000e-06	7.714999e-06	1.876756e-08	5.400263e+01	1.232772e+03
1.470000e-06	7.769644e-06	1.879593e-08	5.438513e+01	1.234843e+03
1.480000e-06	7.821147e-06	1.882462e-08	5.474564e+01	1.236672e+03
1.490000e-06	7.869483e-06	1.884945e-08	5.508397e+01	1.238066e+03
1.500000e-06	7.915024e-06	1.886928e-08	5.540274e+01	1.239026e+03
1.510000e-06	7.957743e-06	1.888750e-08	5.570177e+01	1.239735e+03
1.520000e-06	7.997591e-06	1.890823e-08	5.598068e+01	1.240454e+03
1.530000e-06	8.034758e-06	1.892978e-08	5.624084e+01	1.241377e+03
1.540000e-06	8.069147e-06	1.894751e-08	5.648156e+01	1.242528e+03
1.550000e-06	8.100632e-06	1.896135e-08	5.670194e+01	1.243754e+03
1.560000e-06	8.129353e-06	1.897645e-08	5.690298e+01	1.244815e+03
1.570000e-06	8.155161e-06	1.899167e-08	5.708363e+01	1.245518e+03
1.580000e-06	8.178009e-06	1.900342e-08	5.724356e+01	1.245820e+03
1.590000e-06	8.198111e-06	1.901214e-08	5.738427e+01	1.245848e+03
1.600000e-06	8.215314e-06	1.901896e-08	5.750468e+01	1.245820e+03
1.610000e-06	8.229451e-06	1.902726e-08	5.760364e+01	1.245927e+03
1.620000e-06	8.240396e-06	1.903515e-08	5.768025e+01	1.246227e+03
1.630000e-06	8.248215e-06	1.903974e-08	5.773498e+01	1.246618e+03
1.640000e-06	8.253221e-06	1.904104e-08	5.777002e+01	1.246903e+03
1.650000e-06	8.255327e-06	1.904203e-08	5.778476e+01	1.246901e+03
1.660000e-06	8.254519e-06	1.904040e-08	5.777910e+01	1.246548e+03
1.670000e-06	8.251081e-06	1.903133e-08	5.775504e+01	1.245933e+03
1.680000e-06	8.244861e-06	1.902465e-08	5.771151e+01	1.245242e+03
1.690000e-06	8.235825e-06	1.901995e-08	5.764826e+01	1.244652e+03
1.700000e-06	8.223884e-06	1.901549e-08	5.756467e+01	1.244229e+03
1.710000e-06	8.209033e-06	1.901696e-08	5.746072e+01	1.243893e+03
1.720000e-06	8.191763e-06	1.902816e-08	5.733983e+01	1.243465e+03
1.730000e-06	8.172163e-06	1.901306e-08	5.720264e+01	1.242770e+03
1.740000e-06	8.149654e-06	1.889710e-08	5.704508e+01	1.241744e+03
1.750000e-06	8.123425e-06	1.887430e-08	5.686149e+01	1.240468e+03
1.760000e-06	8.093236e-06	1.890950e-08	5.665017e+01	1.239129e+03
1.770000e-06	8.059914e-06	1.888764e-08	5.641693e+01	1.237914e+03
1.780000e-06	8.024260e-06	1.886723e-08	5.616736e+01	1.236908e+03
1.790000e-06	7.986298e-06	1.894123e-08	5.590164e+01	1.236039e+03
1.800000e-06	7.946271e-06	1.887714e-08	5.562147e+01	1.235122e+03
1.810000e-06	7.904052e-06	1.881154e-08	5.532595e+01	1.233964e+03
1.820000e-06	7.858926e-06	1.887973e-08	5.501007e+01	1.232472e+03
1.830000e-06	7.810995e-06	1.875359e-08	5.467457e+01	1.230712e+03
1.840000e-06	7.760039e-06	1.881307e-08	5.431790e+01	1.228871e+03
1.850000e-06	7.705809e-06	1.876435e-08	5.393830e+01	1.227151e+03
1.860000e-06	7.648889e-06	1.873073e-08	5.353988e+01	1.225645e+03
1.870000e-06	7.589200e-06	1.877704e-08	5.312207e+01	1.224268e+03
1.880000e-06	7.526821e-06	1.864787e-08	5.268544e+01	1.222788e+03
1.890000e-06	7.461764e-06	1.869751e-08	5.223006e+01	1.220937e+03
1.900000e-06	7.393798e-06	1.860929e-08	5.175432e+01	1.218552e+03
1.910000e-06	7.323030e-06	1.859584e-08	5.125897e+01	1.215665e+03
1.920000e-06	7.249422e-06	1.857462e-08	5.074374e+01	1.212497e+03
1.930000e-06	7.173070e-06	1.849099e-08	5.020929e+01	1.209340e+03
1.940000e-06	7.094007e-06	1.850862e-08	4.965588e+01	1.206413e+03
1.950000e-06	7.012489e-06	1.839045e-08	4.908527e+01	1.203741e+03
1.960000e-06	6.928444e-06	1.839140e-08	4.849698e+01	1.201144e+03
1.970000e-06	6.841676e-06	1.830703e-08	4.788964e+01	1.198330e+03
1.980000e-06	6.752515e-06	1.826950e-08	4.726554e+01	1.195058e+03
1.990000e-06	6.661018e-06	1.823956e-08	4.662508e+01	1.191263e+03
2.000000e-06	6.567246e-06	1.815557e-08	4.596871e+01	1.187101e+03
2.010000e-06	6.471186e-06	1.811931e-08	4.529632e+01	1.182861e+03
2.020000e-06	6.372858e-06	1.801810e-08	4.460805e+01	1.178810e+03
2.030000e-06	6.272185e-06	1.799035e-08	4.390337e+01	1.175044e+03
2.040000e-06	6.169127e-06	1.790349e-08	4.318200e+01	1.171426e+03
2.050000e-06	6.063876e-06	1.786383e-08	4.244528e+01	1.167658e+03
2.060000e-06	5.956496e-06	1.778964e-08	4.169365e+01	1.163434e+03
2.070000e-06	5.847023e-06	1.771999e-08	4.092737e+01	1.158610e+03
2.080000e-06	5.735383e-06	1.764227e-08	4.014592e+01	1.153287e+03
2.090000e-06	5.621541e-06	1.754818e-08	3.934907e+01	1.147762e+03
2.100000e-06	5.505460e-06	1.747653e-08	3.853654e+01	1.142371e+03
2.110000e-06	5.387242e-06	1.738957e-08	3.770904e+01	1.137301e+03
2.120000e-06	5.267058e-06	1.733227e-08	3.686780e+01	1.132480e+03
2.130000e-06	5.145025e-06	1.724770e-08	3.601360e+01	1.127605e+03
2.140000e-06	5.021126e-06	1.716659e-08	3.514634e+01	1.122286e+03
2.150000e-06	4.895415e-06	1.705656e-08	3.426640e+01	1.116257e+03
2.160000e-06	4.767944e-06	1.695896e-08	3.337415e+01	1.109513e+03
2.170000e-06	4.638783e-06	1.685468e-08	3.247006e+01	1.102315e+03
2.180000e-06	4.507966e-06	1.675586e-08	3.155438e+01	1.095056e+03
2.190000e-06	4.375495e-06	1.665398e-08	3.062713e+01	1.088044e+03
2.200000e-06	4.241521e-06	1.655417e-08	2.968935e+01	1.081336e+03
2.210000e-06	4.106045e-06	1.644658e-08	2.874106e+01	1.074695e+03
2.220000e-06	3.969033e-06	1.632650e-08	2.778201e+01	1.067714e+03
2.230000e-06	3.830413e-06	1.620251e-08	2.681172e+01	1.060028e+03
2.240000e-06	3.690334e-06	1.607671e-08	2.583121e+01	1.051511e+03
2.250000e-06	3.548971e-06	1.595254e-08	2.484171e+01	1.042343e+03
2.260000e-06	3.406326e-06	1.581835e-08	2.384324e+01	1.032906e+03
2.270000e-06	3.262427e-06	1.567922e-08	2.283599e+01	1.023569e+03
2.280000e-06	3.117335e-06	1.553222e-08	2.182039e+01	1.014470e+03
2.290000e-06	2.971087e-06	1.538343e-08	2.079670e+01	1.005423e+03
2.300000e-06	2.823781e-06	1.522706e-08	1.976560e+01	9.960008e+02
2.310000e-06	2.675480e-06	1.506968e-08	1.872754e+01	9.857624e+02
2.320000e-06	2.526276e-06	1.490262e-08	1.768315e+01	9.744916e+02
2.330000e-06	2.376221e-06	1.473348e-08	1.663282e+01	9.623206e+02
2.340000e-06	2.225287e-06	1.455370e-08	1.557633e+01	9.496567e+02
2.350000e-06	2.073579e-06	1.436405e-08	1.451442e+01	9.369442e+02
2.360000e-06	1.921162e-06	1.416411e-08	1.344755e+01	9.243882e+02
2.370000e-06	1.768003e-06	1.396020e-08	1.237548e+01	9.117973e+02
2.380000e-06	1.614149e-06	1.374983e-08	1.129855e+01	8.986444e+02
2.390000e-06	1.459735e-06	1.352874e-08	1.021770e+01	8.843273e+02
2.400000e-06	1.304810e-06	1.329340e-08	9.133267e+00	8.684929e+02
2.410000e-06	1.149408e-06	1.304302e-08	8.045502e+00	8.512399e+02
2.420000e-06	9.935883e-07	1.278536e-08	6.954814e+00	8.330652e+02
2.430000e-06	8.374241e-07	1.251180e-08	5.861712e+00	8.145573e+02
2.440000e-06	6.810155e-07	1.222305e-08	4.766900e+00	7.959861e+02
2.450000e-06	5.243907e-07	1.191597e-08	3.670575e+00	7.770189e+02
2.460000e-06	3.675724e-07	1.158933e-08	2.572894e+00	7.567488e+02
2.470000e-06	2.106306e-07	1.123628e-08	1.474350e+00	7.340628e+02
2.480000e-06	5.362375e-08	1.085185e-08	3.753498e-01	7.081758e+02
2.490000e-06	-1.033876e-07	1.043426e-08	-7.236816e-01	6.790199e+02
2.500000e-06	-2.603695e-07	9.975760e-09	-1.822507e+00	6.471952e+02
2.510000e-06	-4.172546e-07	9.469554e-09	-2.920654e+00	6.133670e+02
2.520000e-06	-5.739412e-07	8.899643e-09	-4.017413e+00	5.772830e+02
2.530000e-06	-7.304102e-07	8.243857e-09	-5.112648e+00	5.368348e+02
2.540000e-06	-8.866516e-07	7.471306e-09	-6.206290e+00	4.876830e+02
2.550000e-06	-1.042583e-06	6.528689e-09	-7.297758e+00	4.238174e+02
2.560000e-06	-1.198084e-06	5.321080e-09	-8.386222e+00	3.390799e+02
2.570000e-06	-1.353094e-06	3.692545e-09	-9.471244e+00	2.292566e+02
2.580000e-06	-1.507575e-06	1.556171e-09	-1.055256e+01	9.403720e+01
2.590000e-06	-1.661468e-06	-8.917179e-10	-1.162977e+01	-6.191558e+01
2.600000e-06	-1.814727e-06	-3.415409e-09	-1.270254e+01	-2.292921e+02
2.610000e-06	-1.967285e-06	-5.949360e-09	-1.377039e+01	-3.958879e+02
2.620000e-06	-2.119087e-06	-8.427297e-09	-1.483296e+01	-5.492960e+02
2.630000e-06	-2.270064e-06	-1.057007e-08	-1.588975e+01	-6.797014e+02
2.640000e-06	-2.420180e-06	-1.211048e-08	-1.694052e+01	-7.818934e+02
2.650000e-06	-2.569467e-06	-1.314301e-08	-1.798548e+01	-8.558978e+02
2.660000e-06	-2.717950e-06	-1.387348e-08	-1.902482e+01	-9.061262e+02
2.670000e-06	-2.865585e-06	-1.441686e-08	-2.005822e+01	-9.394532e+02
2.680000e-06	-3.012115e-06	-1.483262e-08	-2.108389e+01	-9.629637e+02
2.690000e-06	-3.157440e-06	-1.516264e-08	-2.210112e+01	-9.821375e+02
2.700000e-06	-3.301654e-06	-1.543809e-08	-2.311057e+01	-9.999841e+02
2.710000e-06	-3.444625e-06	-1.567457e-08	-2.411132e+01	-1.017219e+03
2.720000e-06	-3.586268e-06	-1.588227e-08	-2.510278e+01	-1.033175e+03
2.730000e-06	-3.726665e-06	-1.606736e-08	-2.608552e+01	-1.046921e+03
2.740000e-06	-3.865674e-06	-1.623854e-08	-2.705853e+01	-1.058096e+03
2.750000e-06	-4.003152e-06	-1.640135e-08	-2.802084e+01	-1.067165e+03
2.760000e-06	-4.139114e-06	-1.655121e-08	-2.897253e+01	-1.075149e+03
2.770000e-06	-4.273502e-06	-1.668476e-08	-2.991320e+01	-1.083073e+03
2.780000e-06	-4.406385e-06	-1.680346e-08	-3.084334e+01	-1.091482e+03
2.790000e-06	-4.537758e-06	-1.691436e-08	-3.176292e+01	-1.100269e+03
2.800000e-06	-4.667495e-06	-1.702412e-08	-3.267103e+01	-1.108861e+03
2.810000e-06	-4.795558e-06	-1.713113e-08	-3.356744e+01	-1.116618e+03
2.820000e-06	-4.921900e-06	-1.723117e-08	-3.445179e+01	-1.123216e+03
2.830000e-06	-5.046609e-06	-1.732586e-08	-3.532472e+01	-1.128811e+03
2.840000e-06	-5.169577e-06	-1.741773e-08	-3.618546e+01	-1.133923e+03
2.850000e-06	-5.290538e-06	-1.750407e-08	-3.703215e+01	-1.139139e+03
2.860000e-06	-5.409469e-06	-1.758459e-08	-3.786463e+01	-1.144791e+03
2.870000e-06	-5.526407e-06	-1.766337e-08	-3.868315e+01	-1.150812e+03
2.880000e-06	-5.641145e-06	-1.774107e-08	-3.948629e+01	-1.156805e+03
2.890000e-06	-5.753542e-06	-1.781668e-08	-4.027304e+01	-1.162289e+03
2.900000e-06	-5.863765e-06	-1.788713e-08	-4.104456e+01	-1.166972e+03
2.910000e-06	-5.971865e-06	-1.795107e-08	-4.180123e+01	-1.170906e+03
2.920000e-06	-6.077905e-06	-1.801216e-08	-4.254347e+01	-1.174439e+03
2.930000e-06	-6.181793e-06	-1.807385e-08	-4.327066e+01	-1.178019e+03
2.940000e-06	-6.283452e-06	-1.813495e-08	-4.398224e+01	-1.181946e+03
2.950000e-06	-6.382911e-06	-1.819095e-08	-4.467843e+01	-1.186224e+03
2.960000e-06	-6.480196e-06	-1.824333e-08	-4.535939e+01	-1.190571e+03
2.970000e-06	-6.575227e-06	-1.829557e-08	-4.602458e+01	-1.194590e+03
2.980000e-06	-6.667904e-06	-1.834606e-08	-4.667329e+01	-1.197990e+03
2.990000e-06	-6.758211e-06	-1.838967e-08	-4.730541e+01	-1.200739e+03
3.000000e-06	-6.846143e-06	-1.842825e-08	-4.792090e+01	-1.203077e+03
3.010000e-06	-6.931685e-06	-1.846788e-08	-4.851967e+01	-1.205379e+03
3.020000e-06	-7.014728e-06	-1.850905e-08	-4.910095e+01	-1.207949e+03
3.030000e-06	-7.095257e-06	-1.854883e-08	-4.966463e+01	-1.210867e+03
3.040000e-06	-7.173174e-06	-1.858447e-08	-5.021002e+01	-1.213956e+03
3.050000e-06	-7.248381e-06	-1.861692e-08	-5.073645e+01	-1.216888e+03
3.060000e-06	-7.320902e-06	-1.864601e-08	-5.124407e+01	-1.219367e+03
3.070000e-06	-7.390692e-06	-1.867329e-08	-5.173258e+01	-1.221288e+03
3.080000e-06	-7.457765e-06	-1.870000e-08	-5.220207e+01	-1.222787e+03
3.090000e-06	-7.522244e-06	-1.872551e-08	-5.265340e+01	-1.224161e+03
3.100000e-06	-7.584088e-06	-1.874990e-08	-5.308630e+01	-1.225703e+03
3.110000e-06	-7.643209e-06	-1.877240e-08	-5.350012e+01	-1.227550e+03
3.120000e-06	-7.699615e-06	-1.879337e-08	-5.389495e+01	-1.229618e+03
3.130000e-06	-7.753152e-06	-1.881330e-08	-5.426969e+01	-1.231655e+03
3.140000e-06	-7.803614e-06	-1.883337e-08	-5.462291e+01	-1.233388e+03
3.150000e-06	-7.850961e-06	-1.885223e-08	-5.495432e+01	-1.234666e+03
3.160000e-06	-7.895439e-06	-1.886851e-08	-5.526566e+01	-1.235542e+03
3.170000e-06	-7.937371e-06	-1.888148e-08	-5.555917e+01	-1.236230e+03
3.180000e-06	-7.976686e-06	-1.889250e-08	-5.583436e+01	-1.236989e+03
3.190000e-06	-8.013124e-06	-1.890418e-08	-5.608941e+01	-1.237976e+03
3.200000e-06	-8.046757e-06	-1.891440e-08	-5.632483e+01	-1.239166e+03
3.210000e-06	-8.077561e-06	-1.892120e-08	-5.654046e+01	-1.240375e+03
3.220000e-06	-8.105376e-06	-1.892690e-08	-5.673515e+01	-1.241361e+03
3.230000e-06	-8.130380e-06	-1.893314e-08	-5.691017e+01	-1.241962e+03
3.240000e-06	-8.152532e-06	-1.893839e-08	-5.706523e+01	-1.242179e+03
3.250000e-06	-8.171725e-06	-1.894043e-08	-5.719957e+01	-1.242172e+03
3.260000e-06	-8.188058e-06	-1.893906e-08	-5.731390e+01	-1.242165e+03
3.270000e-06	-8.201318e-06	-1.893742e-08	-5.740672e+01	-1.242323e+03
3.280000e-06	-8.211435e-06	-1.893702e-08	-5.747753e+01	-1.242662e+03
3.290000e-06	-8.218598e-06	-1.893509e-08	-5.752767e+01	-1.243048e+03
3.300000e-06	-8.222803e-06	-1.892931e-08	-5.755710e+01	-1.243276e+03
3.310000e-06	-8.224143e-06	-1.892034e-08	-5.756648e+01	-1.243186e+03
