# Temperatura_=_68.0
# Concentracion g/m^3_=_33330.0
# C_Vs_to_Am_M_A/Vsm_=_65563218390.804596
# pendiente_HvsI_1/m_=_3716.3
# ordenada_HvsI_A/m_=_1297.0
# frecuencia_Hz_=_301693.99375586654

Tiempo_(s)	Campo_(V.s)	Magnetizacion_(V.s)	Campo_(kA/m)	Magnetizacion_(A/m)
0.000000e+00	-8.183979e-06	-1.715401e-08	-5.756130e+01	-1.127382e+03
1.000000e-08	-8.181101e-06	-1.715654e-08	-5.754106e+01	-1.126772e+03
2.000000e-08	-8.175458e-06	-1.715028e-08	-5.750137e+01	-1.125839e+03
3.000000e-08	-8.167241e-06	-1.714158e-08	-5.744358e+01	-1.124938e+03
4.000000e-08	-8.156192e-06	-1.713126e-08	-5.736586e+01	-1.124362e+03
5.000000e-08	-8.142215e-06	-1.712004e-08	-5.726756e+01	-1.124178e+03
6.000000e-08	-8.125324e-06	-1.710281e-08	-5.714876e+01	-1.124204e+03
7.000000e-08	-8.105787e-06	-1.706812e-08	-5.701135e+01	-1.124111e+03
8.000000e-08	-8.083781e-06	-1.709140e-08	-5.685657e+01	-1.123614e+03
9.000000e-08	-8.058772e-06	-1.717147e-08	-5.668067e+01	-1.122627e+03
1.000000e-07	-8.030447e-06	-1.714250e-08	-5.648145e+01	-1.121308e+03
1.100000e-07	-7.999067e-06	-1.707720e-08	-5.626074e+01	-1.119967e+03
1.200000e-07	-7.964776e-06	-1.706196e-08	-5.601956e+01	-1.118890e+03
1.300000e-07	-7.927752e-06	-1.705523e-08	-5.575915e+01	-1.118175e+03
1.400000e-07	-7.888445e-06	-1.696515e-08	-5.548269e+01	-1.117675e+03
1.500000e-07	-7.846872e-06	-1.693666e-08	-5.519029e+01	-1.117085e+03
1.600000e-07	-7.802498e-06	-1.703173e-08	-5.487819e+01	-1.116108e+03
1.700000e-07	-7.755263e-06	-1.690759e-08	-5.454597e+01	-1.114628e+03
1.800000e-07	-7.705299e-06	-1.696983e-08	-5.419455e+01	-1.112778e+03
1.900000e-07	-7.652247e-06	-1.696323e-08	-5.382142e+01	-1.110870e+03
2.000000e-07	-7.596262e-06	-1.684023e-08	-5.342765e+01	-1.109221e+03
2.100000e-07	-7.537505e-06	-1.688320e-08	-5.301439e+01	-1.107971e+03
2.200000e-07	-7.476055e-06	-1.681288e-08	-5.258218e+01	-1.106998e+03
2.300000e-07	-7.412008e-06	-1.684921e-08	-5.213171e+01	-1.105971e+03
2.400000e-07	-7.345080e-06	-1.679974e-08	-5.166098e+01	-1.104526e+03
2.500000e-07	-7.275401e-06	-1.676013e-08	-5.117090e+01	-1.102461e+03
2.600000e-07	-7.203054e-06	-1.673081e-08	-5.066205e+01	-1.099851e+03
2.700000e-07	-7.127899e-06	-1.667905e-08	-5.013346e+01	-1.097006e+03
2.800000e-07	-7.049926e-06	-1.665712e-08	-4.958504e+01	-1.094314e+03
2.900000e-07	-6.969182e-06	-1.658175e-08	-4.901714e+01	-1.092022e+03
3.000000e-07	-6.885930e-06	-1.659963e-08	-4.843159e+01	-1.090105e+03
3.100000e-07	-6.800404e-06	-1.656736e-08	-4.783005e+01	-1.088276e+03
3.200000e-07	-6.712595e-06	-1.652601e-08	-4.721245e+01	-1.086133e+03
3.300000e-07	-6.622369e-06	-1.647608e-08	-4.657785e+01	-1.083386e+03
3.400000e-07	-6.529746e-06	-1.639427e-08	-4.592640e+01	-1.080012e+03
3.500000e-07	-6.434856e-06	-1.635986e-08	-4.525900e+01	-1.076273e+03
3.600000e-07	-6.337591e-06	-1.632372e-08	-4.457489e+01	-1.072574e+03
3.700000e-07	-6.237924e-06	-1.628093e-08	-4.387390e+01	-1.069243e+03
3.800000e-07	-6.136037e-06	-1.622052e-08	-4.315728e+01	-1.066345e+03
3.900000e-07	-6.031961e-06	-1.618709e-08	-4.242527e+01	-1.063639e+03
4.000000e-07	-5.925727e-06	-1.614072e-08	-4.167809e+01	-1.060702e+03
4.100000e-07	-5.817367e-06	-1.607081e-08	-4.091595e+01	-1.057158e+03
4.200000e-07	-5.706887e-06	-1.599793e-08	-4.013890e+01	-1.052888e+03
4.300000e-07	-5.594286e-06	-1.593060e-08	-3.934692e+01	-1.048097e+03
4.400000e-07	-5.479553e-06	-1.588085e-08	-3.853996e+01	-1.043215e+03
4.500000e-07	-5.362726e-06	-1.581973e-08	-3.771827e+01	-1.038661e+03
4.600000e-07	-5.243857e-06	-1.574543e-08	-3.688221e+01	-1.034608e+03
4.700000e-07	-5.123083e-06	-1.567171e-08	-3.603276e+01	-1.030882e+03
4.800000e-07	-5.000445e-06	-1.561056e-08	-3.517019e+01	-1.027034e+03
4.900000e-07	-4.875928e-06	-1.554925e-08	-3.429442e+01	-1.022581e+03
5.000000e-07	-4.749603e-06	-1.547332e-08	-3.340592e+01	-1.017258e+03
5.100000e-07	-4.621592e-06	-1.537991e-08	-3.250557e+01	-1.011167e+03
5.200000e-07	-4.491936e-06	-1.528734e-08	-3.159364e+01	-1.004726e+03
5.300000e-07	-4.360646e-06	-1.520022e-08	-3.067022e+01	-9.984428e+02
5.400000e-07	-4.227775e-06	-1.510917e-08	-2.973569e+01	-9.926409e+02
5.500000e-07	-4.093359e-06	-1.500387e-08	-2.879028e+01	-9.872702e+02
5.600000e-07	-3.957446e-06	-1.490902e-08	-2.783435e+01	-9.819253e+02
5.700000e-07	-3.820119e-06	-1.482675e-08	-2.686848e+01	-9.760560e+02
5.800000e-07	-3.681392e-06	-1.473857e-08	-2.589275e+01	-9.692637e+02
5.900000e-07	-3.541201e-06	-1.462454e-08	-2.490673e+01	-9.615201e+02
6.000000e-07	-3.399517e-06	-1.449737e-08	-2.391020e+01	-9.531858e+02
6.100000e-07	-3.256489e-06	-1.437816e-08	-2.290423e+01	-9.448112e+02
6.200000e-07	-3.112213e-06	-1.425952e-08	-2.188948e+01	-9.368244e+02
6.300000e-07	-2.966759e-06	-1.413257e-08	-2.086644e+01	-9.292758e+02
6.400000e-07	-2.820225e-06	-1.399295e-08	-1.983581e+01	-9.217861e+02
6.500000e-07	-2.672665e-06	-1.386333e-08	-1.879795e+01	-9.137353e+02
6.600000e-07	-2.524252e-06	-1.373327e-08	-1.775411e+01	-9.045974e+02
6.700000e-07	-2.375011e-06	-1.358899e-08	-1.670444e+01	-8.942369e+02
6.800000e-07	-2.224924e-06	-1.342484e-08	-1.564881e+01	-8.829982e+02
6.900000e-07	-2.074072e-06	-1.325750e-08	-1.458781e+01	-8.715222e+02
7.000000e-07	-1.922489e-06	-1.309325e-08	-1.352166e+01	-8.603796e+02
7.100000e-07	-1.770256e-06	-1.292002e-08	-1.245094e+01	-8.497171e+02
7.200000e-07	-1.617446e-06	-1.273339e-08	-1.137617e+01	-8.391210e+02
7.300000e-07	-1.464108e-06	-1.253392e-08	-1.029768e+01	-8.277922e+02
7.400000e-07	-1.310209e-06	-1.233822e-08	-9.215241e+00	-8.149576e+02
7.500000e-07	-1.155733e-06	-1.213793e-08	-8.128750e+00	-8.002998e+02
7.600000e-07	-1.000779e-06	-1.191964e-08	-7.038893e+00	-7.841555e+02
7.700000e-07	-8.454585e-07	-1.167705e-08	-5.946458e+00	-7.673449e+02
7.800000e-07	-6.898113e-07	-1.142357e-08	-4.851728e+00	-7.506888e+02
7.900000e-07	-5.338832e-07	-1.116259e-08	-3.755021e+00	-7.344592e+02
8.000000e-07	-3.778209e-07	-1.088270e-08	-2.657370e+00	-7.180752e+02
8.100000e-07	-2.216780e-07	-1.057705e-08	-1.559153e+00	-7.002532e+02
8.200000e-07	-6.541767e-08	-1.024872e-08	-4.601095e-01	-6.795839e+02
8.300000e-07	9.089238e-08	-9.903503e-09	6.392836e-01	-6.552522e+02
8.400000e-07	2.471922e-07	-9.526488e-09	1.738604e+00	-6.274779e+02
8.500000e-07	4.034534e-07	-9.101794e-09	2.837655e+00	-5.973333e+02
8.600000e-07	5.595355e-07	-8.617339e-09	3.935444e+00	-5.658706e+02
8.700000e-07	7.153590e-07	-8.073134e-09	5.031415e+00	-5.328626e+02
8.800000e-07	8.709044e-07	-7.447621e-09	6.125431e+00	-4.957387e+02
8.900000e-07	1.026130e-06	-6.693638e-09	7.217193e+00	-4.493366e+02
9.000000e-07	1.180958e-06	-5.747657e-09	8.306169e+00	-3.868306e+02
9.100000e-07	1.335277e-06	-4.517313e-09	9.391551e+00	-3.017237e+02
9.200000e-07	1.489071e-06	-2.867245e-09	1.047325e+01	-1.902989e+02
9.300000e-07	1.642348e-06	-7.493632e-10	1.155131e+01	-5.363226e+01
9.400000e-07	1.795090e-06	1.615490e-09	1.262561e+01	1.016675e+02
9.500000e-07	1.947279e-06	4.012318e-09	1.369602e+01	2.644142e+02
9.600000e-07	2.098827e-06	6.401534e-09	1.476192e+01	4.212997e+02
9.700000e-07	2.249668e-06	8.582357e-09	1.582284e+01	5.600847e+02
9.800000e-07	2.399711e-06	1.024813e-08	1.687816e+01	6.724698e+02
9.900000e-07	2.548808e-06	1.138775e-08	1.792682e+01	7.557096e+02
1.000000e-06	2.696921e-06	1.218160e-08	1.896856e+01	8.125057e+02
1.010000e-06	2.844010e-06	1.275688e-08	2.000310e+01	8.493489e+02
1.020000e-06	2.990050e-06	1.319474e-08	2.103026e+01	8.740221e+02
1.030000e-06	3.135078e-06	1.354323e-08	2.205030e+01	8.932071e+02
1.040000e-06	3.279015e-06	1.382960e-08	2.306267e+01	9.109887e+02
1.050000e-06	3.421724e-06	1.406778e-08	2.406640e+01	9.286129e+02
1.060000e-06	3.563111e-06	1.427220e-08	2.506083e+01	9.453245e+02
1.070000e-06	3.703074e-06	1.445559e-08	2.604525e+01	9.597211e+02
1.080000e-06	3.841567e-06	1.462385e-08	2.701933e+01	9.709538e+02
1.090000e-06	3.978663e-06	1.477659e-08	2.798358e+01	9.792954e+02
1.100000e-06	4.114355e-06	1.491306e-08	2.893796e+01	9.859618e+02
1.110000e-06	4.248555e-06	1.503943e-08	2.988184e+01	9.924324e+02
1.120000e-06	4.381223e-06	1.515808e-08	3.081495e+01	9.997072e+02
1.130000e-06	4.512254e-06	1.526973e-08	3.173655e+01	1.007898e+03
1.140000e-06	4.641658e-06	1.537122e-08	3.264670e+01	1.016321e+03
1.150000e-06	4.769489e-06	1.546611e-08	3.354579e+01	1.023994e+03
1.160000e-06	4.895706e-06	1.556062e-08	3.443352e+01	1.030218e+03
1.170000e-06	5.020239e-06	1.565417e-08	3.530942e+01	1.034956e+03
1.180000e-06	5.142916e-06	1.574023e-08	3.617226e+01	1.038813e+03
1.190000e-06	5.263762e-06	1.581661e-08	3.702221e+01	1.042672e+03
1.200000e-06	5.382723e-06	1.589077e-08	3.785891e+01	1.047209e+03
1.210000e-06	5.499599e-06	1.596611e-08	3.868095e+01	1.052555e+03
1.220000e-06	5.614289e-06	1.603662e-08	3.948761e+01	1.058269e+03
1.230000e-06	5.726809e-06	1.609820e-08	4.027901e+01	1.063616e+03
1.240000e-06	5.837295e-06	1.615753e-08	4.105611e+01	1.067992e+03
1.250000e-06	5.945773e-06	1.621717e-08	4.181908e+01	1.071242e+03
1.260000e-06	6.052148e-06	1.627516e-08	4.256725e+01	1.073728e+03
1.270000e-06	6.156368e-06	1.632904e-08	4.330028e+01	1.076115e+03
1.280000e-06	6.258397e-06	1.638018e-08	4.401789e+01	1.078999e+03
1.290000e-06	6.358105e-06	1.643264e-08	4.471918e+01	1.082598e+03
1.300000e-06	6.455431e-06	1.648363e-08	4.540371e+01	1.086653e+03
1.310000e-06	6.550459e-06	1.652947e-08	4.607209e+01	1.090589e+03
1.320000e-06	6.643259e-06	1.657110e-08	4.672479e+01	1.093842e+03
1.330000e-06	6.733728e-06	1.661227e-08	4.736109e+01	1.096159e+03
1.340000e-06	6.821776e-06	1.665401e-08	4.798037e+01	1.097733e+03
1.350000e-06	6.907506e-06	1.669374e-08	4.858334e+01	1.099077e+03
1.360000e-06	6.990860e-06	1.672923e-08	4.916961e+01	1.100751e+03
1.370000e-06	7.071674e-06	1.676305e-08	4.973800e+01	1.103057e+03
1.380000e-06	7.149942e-06	1.679869e-08	5.028850e+01	1.105891e+03
1.390000e-06	7.225529e-06	1.683404e-08	5.082013e+01	1.108816e+03
1.400000e-06	7.298390e-06	1.686604e-08	5.133259e+01	1.111305e+03
1.410000e-06	7.368680e-06	1.689347e-08	5.182697e+01	1.113026e+03
1.420000e-06	7.436320e-06	1.691989e-08	5.230271e+01	1.114020e+03
1.430000e-06	7.501246e-06	1.694781e-08	5.275936e+01	1.114662e+03
1.440000e-06	7.563596e-06	1.697419e-08	5.319789e+01	1.115458e+03
1.450000e-06	7.623325e-06	1.699724e-08	5.361799e+01	1.116769e+03
1.460000e-06	7.680326e-06	1.701967e-08	5.401891e+01	1.118625e+03
1.470000e-06	7.734556e-06	1.704363e-08	5.440033e+01	1.120720e+03
1.480000e-06	7.785684e-06	1.706680e-08	5.475993e+01	1.122586e+03
1.490000e-06	7.833689e-06	1.708577e-08	5.509757e+01	1.123850e+03
1.500000e-06	7.878929e-06	1.710169e-08	5.541576e+01	1.124428e+03
1.510000e-06	7.921321e-06	1.711828e-08	5.571392e+01	1.124566e+03
1.520000e-06	7.960842e-06	1.713499e-08	5.599189e+01	1.124696e+03
1.530000e-06	7.997733e-06	1.714862e-08	5.625136e+01	1.125204e+03
1.540000e-06	8.031858e-06	1.715919e-08	5.649137e+01	1.126220e+03
1.550000e-06	8.063093e-06	1.717163e-08	5.671106e+01	1.127562e+03
1.560000e-06	8.091585e-06	1.718663e-08	5.691146e+01	1.128836e+03
1.570000e-06	8.117162e-06	1.719944e-08	5.709135e+01	1.129659e+03
1.580000e-06	8.139805e-06	1.720949e-08	5.725061e+01	1.129863e+03
1.590000e-06	8.159674e-06	1.721697e-08	5.739036e+01	1.129580e+03
1.600000e-06	8.176628e-06	1.722322e-08	5.750960e+01	1.129163e+03
1.610000e-06	8.190543e-06	1.722999e-08	5.760747e+01	1.128992e+03
1.620000e-06	8.201252e-06	1.723551e-08	5.768279e+01	1.129267e+03
1.630000e-06	8.208903e-06	1.723880e-08	5.773661e+01	1.129902e+03
1.640000e-06	8.213779e-06	1.724209e-08	5.777090e+01	1.130582e+03
1.650000e-06	8.215750e-06	1.724810e-08	5.778476e+01	1.130933e+03
1.660000e-06	8.214860e-06	1.724749e-08	5.777850e+01	1.130730e+03
1.670000e-06	8.211284e-06	1.723921e-08	5.775335e+01	1.130009e+03
1.680000e-06	8.204918e-06	1.723501e-08	5.770858e+01	1.129049e+03
1.690000e-06	8.195816e-06	1.723187e-08	5.764456e+01	1.128208e+03
1.700000e-06	8.183897e-06	1.722778e-08	5.756073e+01	1.127733e+03
1.710000e-06	8.169119e-06	1.722917e-08	5.745678e+01	1.127627e+03
1.720000e-06	8.151829e-06	1.724911e-08	5.733518e+01	1.127655e+03
1.730000e-06	8.132107e-06	1.723134e-08	5.719647e+01	1.127481e+03
1.740000e-06	8.109458e-06	1.711281e-08	5.703716e+01	1.126859e+03
1.750000e-06	8.083165e-06	1.710955e-08	5.685223e+01	1.125765e+03
1.760000e-06	8.052997e-06	1.714993e-08	5.664006e+01	1.124409e+03
1.770000e-06	8.019731e-06	1.712474e-08	5.640608e+01	1.123112e+03
1.780000e-06	7.984137e-06	1.711803e-08	5.615573e+01	1.122125e+03
1.790000e-06	7.946276e-06	1.721275e-08	5.588944e+01	1.121485e+03
1.800000e-06	7.906423e-06	1.708560e-08	5.560914e+01	1.120994e+03
1.810000e-06	7.864368e-06	1.705470e-08	5.531335e+01	1.120330e+03
1.820000e-06	7.819412e-06	1.715111e-08	5.499715e+01	1.119228e+03
1.830000e-06	7.771620e-06	1.699443e-08	5.466102e+01	1.117633e+03
1.840000e-06	7.720717e-06	1.711564e-08	5.430299e+01	1.115735e+03
1.850000e-06	7.666594e-06	1.702791e-08	5.392232e+01	1.113865e+03
1.860000e-06	7.609823e-06	1.701927e-08	5.352303e+01	1.112312e+03
1.870000e-06	7.550298e-06	1.706456e-08	5.310436e+01	1.111152e+03
1.880000e-06	7.488089e-06	1.691675e-08	5.266682e+01	1.110201e+03
1.890000e-06	7.423133e-06	1.699048e-08	5.220996e+01	1.109100e+03
1.900000e-06	7.355298e-06	1.688680e-08	5.173285e+01	1.107508e+03
1.910000e-06	7.284720e-06	1.692504e-08	5.123645e+01	1.105289e+03
1.920000e-06	7.211351e-06	1.689914e-08	5.072041e+01	1.102583e+03
1.930000e-06	7.135287e-06	1.683546e-08	5.018542e+01	1.099742e+03
1.940000e-06	7.056472e-06	1.685398e-08	4.963108e+01	1.097135e+03
1.950000e-06	6.975121e-06	1.672373e-08	4.905891e+01	1.094950e+03
1.960000e-06	6.891299e-06	1.675406e-08	4.846935e+01	1.093090e+03
1.970000e-06	6.804847e-06	1.665778e-08	4.786130e+01	1.091218e+03
1.980000e-06	6.715925e-06	1.664714e-08	4.723587e+01	1.088943e+03
1.990000e-06	6.624706e-06	1.662834e-08	4.659429e+01	1.086028e+03
2.000000e-06	6.531302e-06	1.657119e-08	4.593734e+01	1.082529e+03
2.010000e-06	6.435556e-06	1.654742e-08	4.526392e+01	1.078760e+03
2.020000e-06	6.337487e-06	1.645173e-08	4.457416e+01	1.075130e+03
2.030000e-06	6.237128e-06	1.643046e-08	4.386830e+01	1.071913e+03
2.040000e-06	6.134421e-06	1.634277e-08	4.314591e+01	1.069095e+03
2.050000e-06	6.029434e-06	1.632014e-08	4.240750e+01	1.066372e+03
2.060000e-06	5.922417e-06	1.625074e-08	4.165480e+01	1.063311e+03
2.070000e-06	5.813452e-06	1.620549e-08	4.088841e+01	1.059584e+03
2.080000e-06	5.702292e-06	1.614744e-08	4.010657e+01	1.055151e+03
2.090000e-06	5.588933e-06	1.607921e-08	3.930928e+01	1.050293e+03
2.100000e-06	5.473427e-06	1.601902e-08	3.849687e+01	1.045459e+03
2.110000e-06	5.355795e-06	1.593683e-08	3.766952e+01	1.041026e+03
2.120000e-06	5.236081e-06	1.588413e-08	3.682752e+01	1.037085e+03
2.130000e-06	5.114502e-06	1.581147e-08	3.597240e+01	1.033375e+03
2.140000e-06	4.991189e-06	1.574969e-08	3.510510e+01	1.029417e+03
2.150000e-06	4.866071e-06	1.565860e-08	3.422509e+01	1.024757e+03
2.160000e-06	4.739149e-06	1.558504e-08	3.333239e+01	1.019217e+03
2.170000e-06	4.610452e-06	1.550217e-08	3.242721e+01	1.012990e+03
2.180000e-06	4.480091e-06	1.542241e-08	3.151033e+01	1.006543e+03
2.190000e-06	4.348229e-06	1.533136e-08	3.058289e+01	1.000362e+03
2.200000e-06	4.214836e-06	1.524455e-08	2.964468e+01	9.946879e+02
2.210000e-06	4.079825e-06	1.515481e-08	2.869509e+01	9.893715e+02
2.220000e-06	3.943273e-06	1.505821e-08	2.773467e+01	9.839455e+02
2.230000e-06	3.805294e-06	1.495577e-08	2.676421e+01	9.778703e+02
2.240000e-06	3.665971e-06	1.484731e-08	2.578429e+01	9.708255e+02
2.250000e-06	3.525282e-06	1.474198e-08	2.479476e+01	9.628875e+02
2.260000e-06	3.383261e-06	1.463183e-08	2.379587e+01	9.544901e+02
2.270000e-06	3.239943e-06	1.451711e-08	2.278786e+01	9.461833e+02
2.280000e-06	3.095344e-06	1.439179e-08	2.177083e+01	9.383185e+02
2.290000e-06	2.949643e-06	1.426490e-08	2.074606e+01	9.308339e+02
2.300000e-06	2.802981e-06	1.413330e-08	1.971453e+01	9.232638e+02
2.310000e-06	2.655390e-06	1.400089e-08	1.867646e+01	9.149787e+02
2.320000e-06	2.507000e-06	1.385566e-08	1.763277e+01	9.055278e+02
2.330000e-06	2.357773e-06	1.370761e-08	1.658319e+01	8.948982e+02
2.340000e-06	2.207626e-06	1.355382e-08	1.552715e+01	8.835352e+02
2.350000e-06	2.056630e-06	1.339658e-08	1.446513e+01	8.720999e+02
2.360000e-06	1.904810e-06	1.322845e-08	1.339732e+01	8.610849e+02
2.370000e-06	1.752220e-06	1.305132e-08	1.232409e+01	8.504976e+02
2.380000e-06	1.599029e-06	1.286710e-08	1.124663e+01	8.397997e+02
2.390000e-06	1.445367e-06	1.267603e-08	1.016586e+01	8.281548e+02
2.400000e-06	1.291199e-06	1.247487e-08	9.081535e+00	8.148688e+02
2.410000e-06	1.136516e-06	1.225842e-08	7.993586e+00	7.997824e+02
2.420000e-06	9.814712e-07	1.203451e-08	6.903092e+00	7.833841e+02
2.430000e-06	8.261499e-07	1.179990e-08	5.810653e+00	7.665474e+02
2.440000e-06	6.705297e-07	1.155168e-08	4.716112e+00	7.500030e+02
2.450000e-06	5.146918e-07	1.128462e-08	3.620040e+00	7.338225e+02
2.460000e-06	3.587128e-07	1.099937e-08	2.522975e+00	7.172159e+02
2.470000e-06	2.026002e-07	1.069471e-08	1.424971e+00	6.988020e+02
2.480000e-06	4.638370e-08	1.036759e-08	3.262358e-01	6.772562e+02
2.490000e-06	-1.098077e-07	1.001121e-08	-7.723228e-01	6.520005e+02
2.500000e-06	-2.659202e-07	9.619435e-09	-1.870327e+00	6.235137e+02
2.510000e-06	-4.219435e-07	9.189380e-09	-2.967703e+00	5.929678e+02
2.520000e-06	-5.778472e-07	8.708114e-09	-4.064238e+00	5.612171e+02
2.530000e-06	-7.335840e-07	8.155230e-09	-5.159599e+00	5.275260e+02
2.540000e-06	-8.890508e-07	7.505599e-09	-6.253061e+00	4.886562e+02
2.550000e-06	-1.044172e-06	6.719719e-09	-7.344091e+00	4.388949e+02
2.560000e-06	-1.198885e-06	5.734304e-09	-8.432252e+00	3.712804e+02
2.570000e-06	-1.353097e-06	4.441403e-09	-9.516887e+00	2.797818e+02
2.580000e-06	-1.506786e-06	2.692297e-09	-1.059785e+01	1.617291e+02
2.590000e-06	-1.659941e-06	4.667759e-10	-1.167505e+01	1.957549e+01
2.600000e-06	-1.812484e-06	-2.018249e-09	-1.274795e+01	-1.387693e+02
2.610000e-06	-1.964400e-06	-4.548984e-09	-1.381644e+01	-3.013131e+02
2.620000e-06	-2.115590e-06	-7.009608e-09	-1.487982e+01	-4.547098e+02
2.630000e-06	-2.265874e-06	-9.143711e-09	-1.593683e+01	-5.874716e+02
2.640000e-06	-2.415226e-06	-1.070877e-08	-1.698728e+01	-6.926002e+02
2.650000e-06	-2.563731e-06	-1.176882e-08	-1.803178e+01	-7.687904e+02
2.660000e-06	-2.711437e-06	-1.251340e-08	-1.907065e+01	-8.198947e+02
2.670000e-06	-2.858298e-06	-1.306576e-08	-2.010359e+01	-8.529732e+02
2.680000e-06	-3.004163e-06	-1.349049e-08	-2.112952e+01	-8.757337e+02
2.690000e-06	-3.148898e-06	-1.382480e-08	-2.214750e+01	-8.943020e+02
2.700000e-06	-3.292480e-06	-1.409671e-08	-2.315737e+01	-9.120269e+02
2.710000e-06	-3.434771e-06	-1.432789e-08	-2.415817e+01	-9.295439e+02
2.720000e-06	-3.575634e-06	-1.453084e-08	-2.514891e+01	-9.458041e+02
2.730000e-06	-3.715150e-06	-1.470763e-08	-2.613018e+01	-9.594498e+02
2.740000e-06	-3.853291e-06	-1.486350e-08	-2.710179e+01	-9.698897e+02
2.750000e-06	-3.990020e-06	-1.500809e-08	-2.806346e+01	-9.776751e+02
2.760000e-06	-4.125267e-06	-1.514508e-08	-2.901471e+01	-9.841620e+02
2.770000e-06	-4.258939e-06	-1.527018e-08	-2.995487e+01	-9.907720e+02
2.780000e-06	-4.391116e-06	-1.537899e-08	-3.088453e+01	-9.983024e+02
2.790000e-06	-4.521791e-06	-1.547705e-08	-3.180362e+01	-1.006638e+03
2.800000e-06	-4.650881e-06	-1.557322e-08	-3.271157e+01	-1.014965e+03
2.810000e-06	-4.778356e-06	-1.566830e-08	-3.360815e+01	-1.022319e+03
2.820000e-06	-4.904030e-06	-1.575654e-08	-3.449207e+01	-1.028147e+03
2.830000e-06	-5.027944e-06	-1.583663e-08	-3.536361e+01	-1.032590e+03
2.840000e-06	-5.150168e-06	-1.591366e-08	-3.622326e+01	-1.036366e+03
2.850000e-06	-5.270551e-06	-1.598869e-08	-3.706996e+01	-1.040349e+03
2.860000e-06	-5.388941e-06	-1.606022e-08	-3.790265e+01	-1.045101e+03
2.870000e-06	-5.505165e-06	-1.612800e-08	-3.872010e+01	-1.050599e+03
2.880000e-06	-5.619120e-06	-1.619384e-08	-3.952159e+01	-1.056293e+03
2.890000e-06	-5.730788e-06	-1.626111e-08	-4.030700e+01	-1.061441e+03
2.900000e-06	-5.840331e-06	-1.632375e-08	-4.107746e+01	-1.065529e+03
2.910000e-06	-5.947814e-06	-1.637556e-08	-4.183343e+01	-1.068537e+03
2.920000e-06	-6.053314e-06	-1.642014e-08	-4.257546e+01	-1.070933e+03
2.930000e-06	-6.156695e-06	-1.646664e-08	-4.330258e+01	-1.073399e+03
2.940000e-06	-6.257781e-06	-1.652058e-08	-4.401356e+01	-1.076462e+03
2.950000e-06	-6.356674e-06	-1.657292e-08	-4.470911e+01	-1.080217e+03
2.960000e-06	-6.453437e-06	-1.661877e-08	-4.538969e+01	-1.084302e+03
2.970000e-06	-6.547929e-06	-1.666143e-08	-4.605429e+01	-1.088113e+03
2.980000e-06	-6.640012e-06	-1.670113e-08	-4.670195e+01	-1.091139e+03
2.990000e-06	-6.729819e-06	-1.673504e-08	-4.733360e+01	-1.093237e+03
3.000000e-06	-6.817329e-06	-1.676278e-08	-4.794909e+01	-1.094698e+03
3.010000e-06	-6.902354e-06	-1.679047e-08	-4.854711e+01	-1.096079e+03
3.020000e-06	-6.984880e-06	-1.682412e-08	-4.912754e+01	-1.097898e+03
3.030000e-06	-7.064990e-06	-1.686147e-08	-4.969099e+01	-1.100362e+03
3.040000e-06	-7.142414e-06	-1.689382e-08	-5.023555e+01	-1.103269e+03
3.050000e-06	-7.217015e-06	-1.691924e-08	-5.076024e+01	-1.106132e+03
3.060000e-06	-7.289022e-06	-1.694063e-08	-5.126670e+01	-1.108447e+03
3.070000e-06	-7.358383e-06	-1.696264e-08	-5.175454e+01	-1.109969e+03
3.080000e-06	-7.425057e-06	-1.698401e-08	-5.222349e+01	-1.110830e+03
3.090000e-06	-7.489173e-06	-1.700341e-08	-5.267445e+01	-1.111465e+03
3.100000e-06	-7.550629e-06	-1.702081e-08	-5.310669e+01	-1.112368e+03
3.110000e-06	-7.609316e-06	-1.703879e-08	-5.351946e+01	-1.113827e+03
3.120000e-06	-7.665268e-06	-1.705857e-08	-5.391300e+01	-1.115783e+03
3.130000e-06	-7.718315e-06	-1.707615e-08	-5.428609e+01	-1.117866e+03
3.140000e-06	-7.768281e-06	-1.709062e-08	-5.463753e+01	-1.119608e+03
3.150000e-06	-7.815184e-06	-1.710432e-08	-5.496742e+01	-1.120695e+03
3.160000e-06	-7.859349e-06	-1.711783e-08	-5.527805e+01	-1.121130e+03
3.170000e-06	-7.901011e-06	-1.712904e-08	-5.557108e+01	-1.121224e+03
3.180000e-06	-7.939972e-06	-1.713761e-08	-5.584510e+01	-1.121420e+03
3.190000e-06	-7.976111e-06	-1.714467e-08	-5.609928e+01	-1.122056e+03
3.200000e-06	-8.009516e-06	-1.715225e-08	-5.633423e+01	-1.123183e+03
3.210000e-06	-8.040046e-06	-1.716005e-08	-5.654897e+01	-1.124548e+03
3.220000e-06	-8.067590e-06	-1.716516e-08	-5.674269e+01	-1.125741e+03
3.230000e-06	-8.092331e-06	-1.716893e-08	-5.691670e+01	-1.126414e+03
3.240000e-06	-8.114228e-06	-1.717297e-08	-5.707072e+01	-1.126473e+03
3.250000e-06	-8.133238e-06	-1.717461e-08	-5.720442e+01	-1.126119e+03
3.260000e-06	-8.149426e-06	-1.717399e-08	-5.731828e+01	-1.125733e+03
3.270000e-06	-8.162487e-06	-1.717131e-08	-5.741014e+01	-1.125666e+03
3.280000e-06	-8.172374e-06	-1.716964e-08	-5.747968e+01	-1.126051e+03
3.290000e-06	-8.179329e-06	-1.716844e-08	-5.752860e+01	-1.126733e+03
3.300000e-06	-8.183387e-06	-1.716541e-08	-5.755714e+01	-1.127364e+03
3.310000e-06	-8.184679e-06	-1.715821e-08	-5.756623e+01	-1.127589e+03
