# Temperatura_=_37.21
# Concentracion g/m^3_=_33330.0
# C_Vs_to_Am_M_A/Vsm_=_65563218390.804596
# pendiente_HvsI_1/m_=_3716.3
# ordenada_HvsI_A/m_=_1297.0
# frecuencia_Hz_=_301690.20014779153

Tiempo_(s)	Campo_(V.s)	Magnetizacion_(V.s)	Campo_(kA/m)	Magnetizacion_(A/m)
0.000000e+00	-8.199764e-06	-2.061298e-08	-5.756491e+01	-1.352010e+03
1.000000e-08	-8.197190e-06	-2.061223e-08	-5.754684e+01	-1.351980e+03
2.000000e-08	-8.191867e-06	-2.060812e-08	-5.750947e+01	-1.351697e+03
3.000000e-08	-8.183960e-06	-2.060158e-08	-5.745396e+01	-1.351147e+03
4.000000e-08	-8.173230e-06	-2.059404e-08	-5.737863e+01	-1.350416e+03
5.000000e-08	-8.159519e-06	-2.058435e-08	-5.728237e+01	-1.349643e+03
6.000000e-08	-8.142890e-06	-2.057023e-08	-5.716563e+01	-1.348947e+03
7.000000e-08	-8.123623e-06	-2.054835e-08	-5.703038e+01	-1.348372e+03
8.000000e-08	-8.101866e-06	-2.053937e-08	-5.687763e+01	-1.347865e+03
9.000000e-08	-8.077160e-06	-2.057393e-08	-5.670419e+01	-1.347313e+03
1.000000e-07	-8.049191e-06	-2.057380e-08	-5.650784e+01	-1.346598e+03
1.100000e-07	-8.018101e-06	-2.053006e-08	-5.628958e+01	-1.345663e+03
1.200000e-07	-7.984111e-06	-2.050123e-08	-5.605095e+01	-1.344532e+03
1.300000e-07	-7.947413e-06	-2.049147e-08	-5.579332e+01	-1.343294e+03
1.400000e-07	-7.908366e-06	-2.044717e-08	-5.551920e+01	-1.342051e+03
1.500000e-07	-7.866989e-06	-2.039453e-08	-5.522872e+01	-1.340868e+03
1.600000e-07	-7.822817e-06	-2.044149e-08	-5.491862e+01	-1.339742e+03
1.700000e-07	-7.775812e-06	-2.039049e-08	-5.458863e+01	-1.338611e+03
1.800000e-07	-7.726080e-06	-2.038674e-08	-5.423950e+01	-1.337397e+03
1.900000e-07	-7.673273e-06	-2.039203e-08	-5.386877e+01	-1.336047e+03
2.000000e-07	-7.617450e-06	-2.030653e-08	-5.347688e+01	-1.334557e+03
2.100000e-07	-7.558835e-06	-2.030863e-08	-5.306539e+01	-1.332964e+03
2.200000e-07	-7.497500e-06	-2.026052e-08	-5.263480e+01	-1.331315e+03
2.300000e-07	-7.433598e-06	-2.024460e-08	-5.218618e+01	-1.329628e+03
2.400000e-07	-7.366933e-06	-2.022753e-08	-5.171817e+01	-1.327872e+03
2.500000e-07	-7.297444e-06	-2.019199e-08	-5.123034e+01	-1.325986e+03
2.600000e-07	-7.225227e-06	-2.016556e-08	-5.072335e+01	-1.323908e+03
2.700000e-07	-7.150232e-06	-2.011715e-08	-5.019686e+01	-1.321612e+03
2.800000e-07	-7.072428e-06	-2.008105e-08	-4.965066e+01	-1.319129e+03
2.900000e-07	-6.991804e-06	-2.002138e-08	-4.908465e+01	-1.316525e+03
3.000000e-07	-6.908625e-06	-1.999950e-08	-4.850071e+01	-1.313868e+03
3.100000e-07	-6.823196e-06	-1.997589e-08	-4.790097e+01	-1.311186e+03
3.200000e-07	-6.735526e-06	-1.992182e-08	-4.728550e+01	-1.308447e+03
3.300000e-07	-6.645493e-06	-1.987687e-08	-4.665344e+01	-1.305578e+03
3.400000e-07	-6.553035e-06	-1.981015e-08	-4.600436e+01	-1.302504e+03
3.500000e-07	-6.458187e-06	-1.975622e-08	-4.533849e+01	-1.299189e+03
3.600000e-07	-6.360964e-06	-1.970846e-08	-4.465596e+01	-1.295662e+03
3.700000e-07	-6.261431e-06	-1.965735e-08	-4.395720e+01	-1.291994e+03
3.800000e-07	-6.159648e-06	-1.960604e-08	-4.324265e+01	-1.288261e+03
3.900000e-07	-6.055661e-06	-1.955608e-08	-4.251264e+01	-1.284497e+03
4.000000e-07	-5.949520e-06	-1.950170e-08	-4.176749e+01	-1.280666e+03
4.100000e-07	-5.841220e-06	-1.942304e-08	-4.100719e+01	-1.276682e+03
4.200000e-07	-5.730807e-06	-1.934800e-08	-4.023206e+01	-1.272452e+03
4.300000e-07	-5.618210e-06	-1.927782e-08	-3.944159e+01	-1.267928e+03
4.400000e-07	-5.503385e-06	-1.921788e-08	-3.863548e+01	-1.263139e+03
4.500000e-07	-5.386474e-06	-1.915105e-08	-3.781473e+01	-1.258168e+03
4.600000e-07	-5.267573e-06	-1.907362e-08	-3.698001e+01	-1.253113e+03
4.700000e-07	-5.146692e-06	-1.899292e-08	-3.613139e+01	-1.248016e+03
4.800000e-07	-5.023917e-06	-1.890741e-08	-3.526947e+01	-1.242833e+03
4.900000e-07	-4.899359e-06	-1.882224e-08	-3.439503e+01	-1.237448e+03
5.000000e-07	-4.773048e-06	-1.873141e-08	-3.350829e+01	-1.231721e+03
5.100000e-07	-4.645045e-06	-1.863879e-08	-3.260967e+01	-1.225568e+03
5.200000e-07	-4.515366e-06	-1.854232e-08	-3.169928e+01	-1.219000e+03
5.300000e-07	-4.384058e-06	-1.844356e-08	-3.077746e+01	-1.212124e+03
5.400000e-07	-4.251160e-06	-1.833354e-08	-2.984447e+01	-1.205081e+03
5.500000e-07	-4.116685e-06	-1.821223e-08	-2.890042e+01	-1.197968e+03
5.600000e-07	-3.980694e-06	-1.809432e-08	-2.794571e+01	-1.190774e+03
5.700000e-07	-3.843180e-06	-1.798237e-08	-2.698033e+01	-1.183380e+03
5.800000e-07	-3.704188e-06	-1.786912e-08	-2.600456e+01	-1.175609e+03
5.900000e-07	-3.563775e-06	-1.774124e-08	-2.501882e+01	-1.167319e+03
6.000000e-07	-3.421926e-06	-1.760521e-08	-2.402299e+01	-1.158479e+03
6.100000e-07	-3.278650e-06	-1.746611e-08	-2.301715e+01	-1.149179e+03
6.200000e-07	-3.134099e-06	-1.732284e-08	-2.200236e+01	-1.139582e+03
6.300000e-07	-2.988444e-06	-1.717090e-08	-2.097981e+01	-1.129821e+03
6.400000e-07	-2.841770e-06	-1.701170e-08	-1.995012e+01	-1.119911e+03
6.500000e-07	-2.694105e-06	-1.685390e-08	-1.891346e+01	-1.109720e+03
6.600000e-07	-2.545568e-06	-1.669092e-08	-1.787068e+01	-1.099024e+03
6.700000e-07	-2.396231e-06	-1.651476e-08	-1.682229e+01	-1.087614e+03
6.800000e-07	-2.246014e-06	-1.632372e-08	-1.576772e+01	-1.075404e+03
6.900000e-07	-2.094942e-06	-1.612713e-08	-1.470715e+01	-1.062474e+03
7.000000e-07	-1.943214e-06	-1.592693e-08	-1.364197e+01	-1.049023e+03
7.100000e-07	-1.790870e-06	-1.571965e-08	-1.257247e+01	-1.035239e+03
7.200000e-07	-1.637784e-06	-1.550113e-08	-1.149775e+01	-1.021173e+03
7.300000e-07	-1.483969e-06	-1.527134e-08	-1.041793e+01	-1.006666e+03
7.400000e-07	-1.329612e-06	-1.503192e-08	-9.334289e+00	-9.914049e+02
7.500000e-07	-1.174895e-06	-1.477884e-08	-8.248130e+00	-9.750542e+02
7.600000e-07	-1.019762e-06	-1.451045e-08	-7.159051e+00	-9.574218e+02
7.700000e-07	-8.641963e-07	-1.422377e-08	-6.066928e+00	-9.385447e+02
7.800000e-07	-7.083289e-07	-1.392504e-08	-4.972690e+00	-9.186401e+02
7.900000e-07	-5.522657e-07	-1.361376e-08	-3.877078e+00	-8.979307e+02
8.000000e-07	-3.960163e-07	-1.328199e-08	-2.780159e+00	-8.764315e+02
8.100000e-07	-2.395810e-07	-1.292344e-08	-1.681934e+00	-8.538193e+02
8.200000e-07	-8.305020e-08	-1.254088e-08	-5.830383e-01	-8.294786e+02
8.300000e-07	7.352304e-08	-1.213357e-08	5.161547e-01	-8.027220e+02
8.400000e-07	2.300815e-07	-1.169131e-08	1.615244e+00	-7.730755e+02
8.500000e-07	3.865187e-07	-1.120553e-08	2.713482e+00	-7.404472e+02
8.600000e-07	5.428486e-07	-1.067074e-08	3.810967e+00	-7.050158e+02
8.700000e-07	6.990492e-07	-1.008161e-08	4.907544e+00	-6.667898e+02
8.800000e-07	8.549745e-07	-9.423516e-09	6.002188e+00	-6.249629e+02
8.900000e-07	1.010498e-06	-8.671574e-09	7.094010e+00	-5.773415e+02
9.000000e-07	1.165643e-06	-7.787806e-09	8.183180e+00	-5.201737e+02
9.100000e-07	1.320441e-06	-6.722853e-09	9.269911e+00	-4.486177e+02
9.200000e-07	1.474774e-06	-5.384240e-09	1.035338e+01	-3.578646e+02
9.300000e-07	1.628593e-06	-3.645981e-09	1.143323e+01	-2.446591e+02
9.400000e-07	1.781787e-06	-1.500719e-09	1.250870e+01	-1.087488e+02
9.500000e-07	1.934263e-06	8.562426e-10	1.357913e+01	4.625835e+01
9.600000e-07	2.086037e-06	3.273927e-09	1.464463e+01	2.130088e+02
9.700000e-07	2.237096e-06	5.730857e-09	1.570512e+01	3.815631e+02
9.800000e-07	2.387407e-06	8.165282e-09	1.676034e+01	5.413239e+02
9.900000e-07	2.536800e-06	1.041035e-08	1.780913e+01	6.831818e+02
1.000000e-06	2.685226e-06	1.222857e-08	1.885112e+01	8.012508e+02
1.010000e-06	2.832714e-06	1.355882e-08	1.988654e+01	8.937016e+02
1.020000e-06	2.979181e-06	1.453543e-08	2.091478e+01	9.625117e+02
1.030000e-06	3.124593e-06	1.527741e-08	2.193562e+01	1.012308e+03
1.040000e-06	3.268884e-06	1.585382e-08	2.294859e+01	1.048753e+03
1.050000e-06	3.411992e-06	1.631086e-08	2.395325e+01	1.077020e+03
1.060000e-06	3.553807e-06	1.668833e-08	2.494884e+01	1.100800e+03
1.070000e-06	3.694244e-06	1.700881e-08	2.593474e+01	1.122021e+03
1.080000e-06	3.833372e-06	1.728430e-08	2.691147e+01	1.141210e+03
1.090000e-06	3.971133e-06	1.752314e-08	2.787859e+01	1.158180e+03
1.100000e-06	4.107312e-06	1.773401e-08	2.883462e+01	1.172716e+03
1.110000e-06	4.241911e-06	1.792684e-08	2.977954e+01	1.184972e+03
1.120000e-06	4.374964e-06	1.810363e-08	3.071361e+01	1.195517e+03
1.130000e-06	4.506478e-06	1.826194e-08	3.163688e+01	1.205089e+03
1.140000e-06	4.636457e-06	1.840452e-08	3.254938e+01	1.214288e+03
1.150000e-06	4.764740e-06	1.853834e-08	3.344997e+01	1.223358e+03
1.160000e-06	4.891348e-06	1.866774e-08	3.433879e+01	1.232177e+03
1.170000e-06	5.016293e-06	1.879182e-08	3.521595e+01	1.240429e+03
1.180000e-06	5.139466e-06	1.890522e-08	3.608066e+01	1.247842e+03
1.190000e-06	5.260792e-06	1.900907e-08	3.693241e+01	1.254361e+03
1.200000e-06	5.380165e-06	1.910762e-08	3.777044e+01	1.260181e+03
1.210000e-06	5.497492e-06	1.920281e-08	3.859411e+01	1.265637e+03
1.220000e-06	5.612707e-06	1.928982e-08	3.940295e+01	1.271027e+03
1.230000e-06	5.725710e-06	1.936699e-08	4.019627e+01	1.276477e+03
1.240000e-06	5.836605e-06	1.944183e-08	4.097479e+01	1.281903e+03
1.250000e-06	5.945516e-06	1.951729e-08	4.173938e+01	1.287094e+03
1.260000e-06	6.052348e-06	1.959112e-08	4.248938e+01	1.291848e+03
1.270000e-06	6.157019e-06	1.966105e-08	4.322420e+01	1.296092e+03
1.280000e-06	6.259486e-06	1.972810e-08	4.394355e+01	1.299917e+03
1.290000e-06	6.359660e-06	1.979292e-08	4.464680e+01	1.303516e+03
1.300000e-06	6.457455e-06	1.985163e-08	4.533335e+01	1.307075e+03
1.310000e-06	6.552896e-06	1.990337e-08	4.600338e+01	1.310672e+03
1.320000e-06	6.646087e-06	1.995196e-08	4.665761e+01	1.314244e+03
1.330000e-06	6.737014e-06	1.999944e-08	4.729595e+01	1.317634e+03
1.340000e-06	6.825517e-06	2.004726e-08	4.791726e+01	1.320690e+03
1.350000e-06	6.911668e-06	2.009408e-08	4.852207e+01	1.323360e+03
1.360000e-06	6.995484e-06	2.013783e-08	4.911048e+01	1.325720e+03
1.370000e-06	7.076730e-06	2.018004e-08	4.968086e+01	1.327938e+03
1.380000e-06	7.155389e-06	2.022137e-08	5.023307e+01	1.330177e+03
1.390000e-06	7.231427e-06	2.025927e-08	5.076688e+01	1.332512e+03
1.400000e-06	7.304682e-06	2.029299e-08	5.128115e+01	1.334887e+03
1.410000e-06	7.375306e-06	2.032360e-08	5.177695e+01	1.337154e+03
1.420000e-06	7.443386e-06	2.035285e-08	5.225490e+01	1.339156e+03
1.430000e-06	7.508712e-06	2.038132e-08	5.271350e+01	1.340816e+03
1.440000e-06	7.571372e-06	2.040800e-08	5.315340e+01	1.342182e+03
1.450000e-06	7.631494e-06	2.043320e-08	5.357547e+01	1.343403e+03
1.460000e-06	7.688938e-06	2.045895e-08	5.397875e+01	1.344649e+03
1.470000e-06	7.743574e-06	2.048583e-08	5.436231e+01	1.346024e+03
1.480000e-06	7.795116e-06	2.051024e-08	5.472415e+01	1.347511e+03
1.490000e-06	7.843493e-06	2.052993e-08	5.506377e+01	1.348986e+03
1.500000e-06	7.889097e-06	2.054691e-08	5.538393e+01	1.350281e+03
1.510000e-06	7.931958e-06	2.056340e-08	5.568483e+01	1.351284e+03
1.520000e-06	7.971904e-06	2.057912e-08	5.596526e+01	1.351990e+03
1.530000e-06	8.009125e-06	2.059334e-08	5.622656e+01	1.352505e+03
1.540000e-06	8.043588e-06	2.060654e-08	5.646850e+01	1.352989e+03
1.550000e-06	8.075154e-06	2.062009e-08	5.669010e+01	1.353569e+03
1.560000e-06	8.103949e-06	2.063308e-08	5.689226e+01	1.354274e+03
1.570000e-06	8.129815e-06	2.064395e-08	5.707384e+01	1.355020e+03
1.580000e-06	8.152730e-06	2.065292e-08	5.723472e+01	1.355660e+03
1.590000e-06	8.172901e-06	2.065972e-08	5.737632e+01	1.356063e+03
1.600000e-06	8.190211e-06	2.066419e-08	5.749784e+01	1.356185e+03
1.610000e-06	8.204511e-06	2.066788e-08	5.759823e+01	1.356091e+03
1.620000e-06	8.215657e-06	2.067260e-08	5.767648e+01	1.355923e+03
1.630000e-06	8.223676e-06	2.067610e-08	5.773277e+01	1.355821e+03
1.640000e-06	8.228817e-06	2.067756e-08	5.776887e+01	1.355853e+03
1.650000e-06	8.231081e-06	2.067931e-08	5.778476e+01	1.355979e+03
1.660000e-06	8.230468e-06	2.068062e-08	5.778046e+01	1.356071e+03
1.670000e-06	8.227194e-06	2.067626e-08	5.775747e+01	1.355985e+03
1.680000e-06	8.221166e-06	2.067128e-08	5.771515e+01	1.355633e+03
1.690000e-06	8.212303e-06	2.066607e-08	5.765293e+01	1.355027e+03
1.700000e-06	8.200654e-06	2.066012e-08	5.757116e+01	1.354272e+03
1.710000e-06	8.186212e-06	2.065504e-08	5.746977e+01	1.353509e+03
1.720000e-06	8.169172e-06	2.065394e-08	5.735014e+01	1.352844e+03
1.730000e-06	8.149704e-06	2.065019e-08	5.721347e+01	1.352294e+03
1.740000e-06	8.127392e-06	2.058477e-08	5.705683e+01	1.351789e+03
1.750000e-06	8.101454e-06	2.055478e-08	5.687474e+01	1.351206e+03
1.760000e-06	8.071632e-06	2.057994e-08	5.666538e+01	1.350439e+03
1.770000e-06	8.038654e-06	2.057757e-08	5.643386e+01	1.349449e+03
1.780000e-06	8.003331e-06	2.055590e-08	5.618589e+01	1.348282e+03
1.790000e-06	7.965721e-06	2.059302e-08	5.592185e+01	1.347034e+03
1.800000e-06	7.925977e-06	2.054706e-08	5.564283e+01	1.345803e+03
1.810000e-06	7.884032e-06	2.048275e-08	5.534837e+01	1.344638e+03
1.820000e-06	7.839257e-06	2.053227e-08	5.503403e+01	1.343518e+03
1.830000e-06	7.791656e-06	2.045588e-08	5.469986e+01	1.342374e+03
1.840000e-06	7.741071e-06	2.047986e-08	5.434474e+01	1.341129e+03
1.850000e-06	7.687248e-06	2.046428e-08	5.396688e+01	1.339743e+03
1.860000e-06	7.630646e-06	2.041670e-08	5.356952e+01	1.338222e+03
1.870000e-06	7.571351e-06	2.046451e-08	5.315325e+01	1.336612e+03
1.880000e-06	7.509390e-06	2.038814e-08	5.271827e+01	1.334954e+03
1.890000e-06	7.444624e-06	2.038716e-08	5.226359e+01	1.333255e+03
1.900000e-06	7.376960e-06	2.032992e-08	5.178857e+01	1.331473e+03
1.910000e-06	7.306516e-06	2.029841e-08	5.129403e+01	1.329545e+03
1.920000e-06	7.233238e-06	2.029888e-08	5.077959e+01	1.327412e+03
1.930000e-06	7.157276e-06	2.023608e-08	5.024632e+01	1.325066e+03
1.940000e-06	7.078592e-06	2.024946e-08	4.969393e+01	1.322545e+03
1.950000e-06	6.997344e-06	2.017278e-08	4.912354e+01	1.319923e+03
1.960000e-06	6.913646e-06	2.014232e-08	4.853596e+01	1.317260e+03
1.970000e-06	6.827345e-06	2.009318e-08	4.793010e+01	1.314569e+03
1.980000e-06	6.738558e-06	2.003273e-08	4.730679e+01	1.311805e+03
1.990000e-06	6.647444e-06	2.001717e-08	4.666713e+01	1.308892e+03
2.000000e-06	6.554078e-06	1.995769e-08	4.601167e+01	1.305759e+03
2.010000e-06	6.458365e-06	1.993320e-08	4.533974e+01	1.302387e+03
2.020000e-06	6.360390e-06	1.985787e-08	4.465193e+01	1.298817e+03
2.030000e-06	6.260167e-06	1.980341e-08	4.394833e+01	1.295127e+03
2.040000e-06	6.157625e-06	1.973512e-08	4.322845e+01	1.291386e+03
2.050000e-06	6.052832e-06	1.968193e-08	4.249277e+01	1.287611e+03
2.060000e-06	5.945924e-06	1.963311e-08	4.174225e+01	1.283752e+03
2.070000e-06	5.836977e-06	1.956683e-08	4.097741e+01	1.279714e+03
2.080000e-06	5.725846e-06	1.951068e-08	4.019723e+01	1.275413e+03
2.090000e-06	5.612512e-06	1.942900e-08	3.940159e+01	1.270818e+03
2.100000e-06	5.496957e-06	1.935739e-08	3.859035e+01	1.265974e+03
2.110000e-06	5.379258e-06	1.927268e-08	3.776407e+01	1.260975e+03
2.120000e-06	5.259553e-06	1.920452e-08	3.692370e+01	1.255908e+03
2.130000e-06	5.137973e-06	1.913551e-08	3.607018e+01	1.250798e+03
2.140000e-06	5.014574e-06	1.906374e-08	3.520388e+01	1.245578e+03
2.150000e-06	4.889355e-06	1.897374e-08	3.432480e+01	1.240119e+03
2.160000e-06	4.762340e-06	1.887320e-08	3.343312e+01	1.234291e+03
2.170000e-06	4.633551e-06	1.877285e-08	3.252898e+01	1.228029e+03
2.180000e-06	4.503162e-06	1.867306e-08	3.161361e+01	1.221372e+03
2.190000e-06	4.371263e-06	1.857578e-08	3.068763e+01	1.214442e+03
2.200000e-06	4.237838e-06	1.847867e-08	2.975095e+01	1.207376e+03
2.210000e-06	4.102869e-06	1.838103e-08	2.880342e+01	1.200248e+03
2.220000e-06	3.966315e-06	1.827277e-08	2.784477e+01	1.193020e+03
2.230000e-06	3.828215e-06	1.815321e-08	2.687527e+01	1.185548e+03
2.240000e-06	3.688721e-06	1.802147e-08	2.589598e+01	1.177658e+03
2.250000e-06	3.547912e-06	1.788833e-08	2.490745e+01	1.169229e+03
2.260000e-06	3.405786e-06	1.775539e-08	2.390968e+01	1.160261e+03
2.270000e-06	3.262387e-06	1.762376e-08	2.290297e+01	1.150872e+03
2.280000e-06	3.117782e-06	1.748400e-08	2.188780e+01	1.141225e+03
2.290000e-06	2.971964e-06	1.733561e-08	2.086411e+01	1.131431e+03
2.300000e-06	2.825123e-06	1.717847e-08	1.983325e+01	1.121469e+03
2.310000e-06	2.677390e-06	1.701971e-08	1.879611e+01	1.111175e+03
2.320000e-06	2.528647e-06	1.685240e-08	1.775190e+01	1.100318e+03
2.330000e-06	2.378999e-06	1.667720e-08	1.670132e+01	1.088709e+03
2.340000e-06	2.228530e-06	1.649505e-08	1.564498e+01	1.076305e+03
2.350000e-06	2.077295e-06	1.630375e-08	1.458326e+01	1.063225e+03
2.360000e-06	1.925364e-06	1.610301e-08	1.351666e+01	1.049677e+03
2.370000e-06	1.772679e-06	1.588899e-08	1.244476e+01	1.035826e+03
2.380000e-06	1.619257e-06	1.566698e-08	1.136769e+01	1.021672e+03
2.390000e-06	1.465289e-06	1.543925e-08	1.028679e+01	1.007011e+03
2.400000e-06	1.310856e-06	1.520454e-08	9.202620e+00	9.915058e+02
2.410000e-06	1.155974e-06	1.495445e-08	8.115296e+00	9.748446e+02
2.420000e-06	1.000713e-06	1.468915e-08	7.025316e+00	9.568889e+02
2.430000e-06	8.451380e-07	1.440673e-08	5.933133e+00	9.377310e+02
2.440000e-06	6.892931e-07	1.410591e-08	4.839053e+00	9.176093e+02
2.450000e-06	5.331333e-07	1.378659e-08	3.742762e+00	8.967136e+02
2.460000e-06	3.766781e-07	1.344687e-08	2.644398e+00	8.749805e+02
2.470000e-06	2.201288e-07	1.308694e-08	1.545373e+00	8.520019e+02
2.480000e-06	6.354655e-08	1.270396e-08	4.461166e-01	8.271183e+02
2.490000e-06	-9.308270e-08	1.229084e-08	-6.534696e-01	7.996703e+02
2.500000e-06	-2.496187e-07	1.183754e-08	-1.752402e+00	7.692722e+02
2.510000e-06	-4.059744e-07	1.134196e-08	-2.850067e+00	7.359236e+02
2.520000e-06	-5.621445e-07	1.080192e-08	-3.946430e+00	6.998132e+02
2.530000e-06	-7.180743e-07	1.020410e-08	-5.041106e+00	6.608093e+02
2.540000e-06	-8.736330e-07	9.530674e-09	-6.133177e+00	6.178021e+02
2.550000e-06	-1.028817e-06	8.756401e-09	-7.222616e+00	5.682022e+02
2.560000e-06	-1.183720e-06	7.846282e-09	-8.310088e+00	5.079139e+02
2.570000e-06	-1.338309e-06	6.739469e-09	-9.395351e+00	4.319765e+02
2.580000e-06	-1.492414e-06	5.330843e-09	-1.047721e+01	3.358205e+02
2.590000e-06	-1.645882e-06	3.493096e-09	-1.155461e+01	2.168201e+02
2.600000e-06	-1.798658e-06	1.218349e-09	-1.262714e+01	7.564110e+01
2.610000e-06	-1.950773e-06	-1.279547e-09	-1.369504e+01	-8.311918e+01
2.620000e-06	-2.102215e-06	-3.796517e-09	-1.475821e+01	-2.513146e+02
2.630000e-06	-2.252860e-06	-6.290755e-09	-1.581578e+01	-4.186413e+02
2.640000e-06	-2.402723e-06	-8.745011e-09	-1.686787e+01	-5.746781e+02
2.650000e-06	-2.551788e-06	-1.097096e-08	-1.791435e+01	-7.109877e+02
2.660000e-06	-2.699853e-06	-1.271468e-08	-1.895381e+01	-8.226622e+02
2.670000e-06	-2.846932e-06	-1.397552e-08	-1.998635e+01	-9.088885e+02
2.680000e-06	-2.993128e-06	-1.490703e-08	-2.101269e+01	-9.724417e+02
2.690000e-06	-3.138291e-06	-1.561482e-08	-2.203178e+01	-1.018365e+03
2.700000e-06	-3.282224e-06	-1.616374e-08	-2.304224e+01	-1.052326e+03
2.710000e-06	-3.424922e-06	-1.660175e-08	-2.404402e+01	-1.079195e+03
2.720000e-06	-3.566382e-06	-1.696688e-08	-2.503712e+01	-1.102219e+03
2.730000e-06	-3.706410e-06	-1.727811e-08	-2.602016e+01	-1.122923e+03
2.740000e-06	-3.844964e-06	-1.754388e-08	-2.699285e+01	-1.141585e+03
2.750000e-06	-3.982102e-06	-1.777532e-08	-2.795560e+01	-1.157956e+03
2.760000e-06	-4.117791e-06	-1.798335e-08	-2.890818e+01	-1.171889e+03
2.770000e-06	-4.252040e-06	-1.817330e-08	-2.985065e+01	-1.183652e+03
2.780000e-06	-4.384722e-06	-1.834340e-08	-3.078212e+01	-1.193884e+03
2.790000e-06	-4.515739e-06	-1.849329e-08	-3.170190e+01	-1.203318e+03
2.800000e-06	-4.645208e-06	-1.863093e-08	-3.261081e+01	-1.212478e+03
2.810000e-06	-4.773106e-06	-1.876430e-08	-3.350870e+01	-1.221507e+03
2.820000e-06	-4.899314e-06	-1.888918e-08	-3.439472e+01	-1.230216e+03
2.830000e-06	-5.023730e-06	-1.899912e-08	-3.526815e+01	-1.238277e+03
2.840000e-06	-5.146292e-06	-1.909859e-08	-3.612858e+01	-1.245461e+03
2.850000e-06	-5.267045e-06	-1.919651e-08	-3.697630e+01	-1.251778e+03
2.860000e-06	-5.385937e-06	-1.929181e-08	-3.781096e+01	-1.257474e+03
2.870000e-06	-5.502715e-06	-1.938069e-08	-3.863078e+01	-1.262890e+03
2.880000e-06	-5.617127e-06	-1.946160e-08	-3.943399e+01	-1.268292e+03
2.890000e-06	-5.729220e-06	-1.953850e-08	-4.022091e+01	-1.273750e+03
2.900000e-06	-5.839181e-06	-1.961530e-08	-4.099288e+01	-1.279139e+03
2.910000e-06	-5.947167e-06	-1.968707e-08	-4.175097e+01	-1.284236e+03
2.920000e-06	-6.053176e-06	-1.975075e-08	-4.249518e+01	-1.288862e+03
2.930000e-06	-6.157013e-06	-1.981091e-08	-4.322416e+01	-1.292987e+03
2.940000e-06	-6.258544e-06	-1.987406e-08	-4.393694e+01	-1.296735e+03
2.950000e-06	-6.357808e-06	-1.993642e-08	-4.463380e+01	-1.300309e+03
2.960000e-06	-6.454944e-06	-1.999092e-08	-4.531572e+01	-1.303876e+03
2.970000e-06	-6.549884e-06	-2.003822e-08	-4.598223e+01	-1.307478e+03
2.980000e-06	-6.642431e-06	-2.008503e-08	-4.663194e+01	-1.311020e+03
2.990000e-06	-6.732642e-06	-2.013165e-08	-4.726525e+01	-1.314337e+03
3.000000e-06	-6.820567e-06	-2.017248e-08	-4.788251e+01	-1.317296e+03
3.010000e-06	-6.906064e-06	-2.020800e-08	-4.848272e+01	-1.319876e+03
3.020000e-06	-6.989067e-06	-2.024366e-08	-4.906543e+01	-1.322184e+03
3.030000e-06	-7.069535e-06	-2.028252e-08	-4.963035e+01	-1.324393e+03
3.040000e-06	-7.147273e-06	-2.031900e-08	-5.017609e+01	-1.326654e+03
3.050000e-06	-7.222261e-06	-2.034810e-08	-5.070253e+01	-1.329008e+03
3.060000e-06	-7.294659e-06	-2.037225e-08	-5.121079e+01	-1.331372e+03
3.070000e-06	-7.364389e-06	-2.039888e-08	-5.170032e+01	-1.333585e+03
3.080000e-06	-7.431475e-06	-2.042678e-08	-5.217128e+01	-1.335504e+03
3.090000e-06	-7.496036e-06	-2.045232e-08	-5.262452e+01	-1.337081e+03
3.100000e-06	-7.557930e-06	-2.047366e-08	-5.305903e+01	-1.338394e+03
3.110000e-06	-7.617102e-06	-2.049168e-08	-5.347444e+01	-1.339605e+03
3.120000e-06	-7.673544e-06	-2.051093e-08	-5.387067e+01	-1.340878e+03
3.130000e-06	-7.727103e-06	-2.052909e-08	-5.424668e+01	-1.342288e+03
3.140000e-06	-7.777567e-06	-2.054432e-08	-5.460095e+01	-1.343786e+03
3.150000e-06	-7.824891e-06	-2.055850e-08	-5.493318e+01	-1.345230e+03
3.160000e-06	-7.869448e-06	-2.057298e-08	-5.524598e+01	-1.346460e+03
3.170000e-06	-7.911472e-06	-2.058671e-08	-5.554100e+01	-1.347384e+03
3.180000e-06	-7.950831e-06	-2.059815e-08	-5.581732e+01	-1.348028e+03
3.190000e-06	-7.987415e-06	-2.060699e-08	-5.607415e+01	-1.348519e+03
3.200000e-06	-8.021217e-06	-2.061413e-08	-5.631145e+01	-1.349018e+03
3.210000e-06	-8.052108e-06	-2.062067e-08	-5.652831e+01	-1.349631e+03
3.220000e-06	-8.080037e-06	-2.062532e-08	-5.672439e+01	-1.350357e+03
3.230000e-06	-8.105143e-06	-2.062796e-08	-5.690063e+01	-1.351091e+03
3.240000e-06	-8.127375e-06	-2.063072e-08	-5.705672e+01	-1.351682e+03
3.250000e-06	-8.146723e-06	-2.063399e-08	-5.719254e+01	-1.352014e+03
3.260000e-06	-8.163199e-06	-2.063656e-08	-5.730821e+01	-1.352071e+03
3.270000e-06	-8.176565e-06	-2.063529e-08	-5.740204e+01	-1.351944e+03
3.280000e-06	-8.186839e-06	-2.063189e-08	-5.747417e+01	-1.351780e+03
3.290000e-06	-8.194193e-06	-2.062898e-08	-5.752580e+01	-1.351710e+03
3.300000e-06	-8.198613e-06	-2.062564e-08	-5.755683e+01	-1.351773e+03
3.310000e-06	-8.200214e-06	-2.061927e-08	-5.756806e+01	-1.351903e+03
