# Temperatura_=_83.96
# Concentracion g/m^3_=_33330.0
# C_Vs_to_Am_M_A/Vsm_=_65563218390.804596
# pendiente_HvsI_1/m_=_3716.3
# ordenada_HvsI_A/m_=_1297.0
# frecuencia_Hz_=_301695.0376150592

Tiempo_(s)	Campo_(V.s)	Magnetizacion_(V.s)	Campo_(kA/m)	Magnetizacion_(A/m)
0.000000e+00	-8.195201e-06	-1.888851e-08	-5.755966e+01	-1.240872e+03
1.000000e-08	-8.192345e-06	-1.888742e-08	-5.753960e+01	-1.240260e+03
2.000000e-08	-8.186748e-06	-1.887883e-08	-5.750030e+01	-1.239463e+03
3.000000e-08	-8.178613e-06	-1.886765e-08	-5.744316e+01	-1.238712e+03
4.000000e-08	-8.167667e-06	-1.885773e-08	-5.736628e+01	-1.238159e+03
5.000000e-08	-8.153733e-06	-1.884852e-08	-5.726841e+01	-1.237796e+03
6.000000e-08	-8.136823e-06	-1.883391e-08	-5.714964e+01	-1.237467e+03
7.000000e-08	-8.117269e-06	-1.880464e-08	-5.701230e+01	-1.236962e+03
8.000000e-08	-8.095297e-06	-1.881419e-08	-5.685798e+01	-1.236132e+03
9.000000e-08	-8.070290e-06	-1.886963e-08	-5.668234e+01	-1.234978e+03
1.000000e-07	-8.041962e-06	-1.885250e-08	-5.648338e+01	-1.233643e+03
1.100000e-07	-8.010638e-06	-1.879795e-08	-5.626337e+01	-1.232333e+03
1.200000e-07	-7.976381e-06	-1.877013e-08	-5.602277e+01	-1.231195e+03
1.300000e-07	-7.939371e-06	-1.875643e-08	-5.576282e+01	-1.230237e+03
1.400000e-07	-7.900127e-06	-1.869074e-08	-5.548719e+01	-1.229323e+03
1.500000e-07	-7.858551e-06	-1.864936e-08	-5.519517e+01	-1.228251e+03
1.600000e-07	-7.814105e-06	-1.869782e-08	-5.488301e+01	-1.226867e+03
1.700000e-07	-7.766862e-06	-1.862029e-08	-5.455119e+01	-1.225158e+03
1.800000e-07	-7.716880e-06	-1.864632e-08	-5.420014e+01	-1.223262e+03
1.900000e-07	-7.663766e-06	-1.862704e-08	-5.382709e+01	-1.221383e+03
2.000000e-07	-7.607688e-06	-1.853028e-08	-5.343322e+01	-1.219678e+03
2.100000e-07	-7.548860e-06	-1.853951e-08	-5.302004e+01	-1.218152e+03
2.200000e-07	-7.487364e-06	-1.848231e-08	-5.258812e+01	-1.216647e+03
2.300000e-07	-7.423256e-06	-1.848924e-08	-5.213785e+01	-1.214913e+03
2.400000e-07	-7.356302e-06	-1.844769e-08	-5.166759e+01	-1.212742e+03
2.500000e-07	-7.286623e-06	-1.840321e-08	-5.117819e+01	-1.210081e+03
2.600000e-07	-7.214264e-06	-1.836331e-08	-5.066997e+01	-1.207069e+03
2.700000e-07	-7.139034e-06	-1.831458e-08	-5.014159e+01	-1.203963e+03
2.800000e-07	-7.060974e-06	-1.827789e-08	-4.959333e+01	-1.201006e+03
2.900000e-07	-6.980169e-06	-1.820225e-08	-4.902579e+01	-1.198294e+03
3.000000e-07	-6.896848e-06	-1.819040e-08	-4.844057e+01	-1.195722e+03
3.100000e-07	-6.811231e-06	-1.815505e-08	-4.783924e+01	-1.193036e+03
3.200000e-07	-6.723334e-06	-1.810346e-08	-4.722188e+01	-1.189970e+03
3.300000e-07	-6.633063e-06	-1.804159e-08	-4.658786e+01	-1.186392e+03
3.400000e-07	-6.540409e-06	-1.796314e-08	-4.593710e+01	-1.182377e+03
3.500000e-07	-6.445458e-06	-1.791638e-08	-4.527020e+01	-1.178175e+03
3.600000e-07	-6.348169e-06	-1.787079e-08	-4.458688e+01	-1.174074e+03
3.700000e-07	-6.248476e-06	-1.781521e-08	-4.388668e+01	-1.170245e+03
3.800000e-07	-6.146480e-06	-1.774431e-08	-4.317031e+01	-1.166643e+03
3.900000e-07	-6.042303e-06	-1.769079e-08	-4.243861e+01	-1.163024e+03
4.000000e-07	-5.935963e-06	-1.763137e-08	-4.169172e+01	-1.159072e+03
4.100000e-07	-5.827494e-06	-1.755487e-08	-4.092988e+01	-1.154565e+03
4.200000e-07	-5.716933e-06	-1.747413e-08	-4.015335e+01	-1.149498e+03
4.300000e-07	-5.604216e-06	-1.739915e-08	-3.936167e+01	-1.144086e+03
4.400000e-07	-5.489251e-06	-1.733764e-08	-3.855420e+01	-1.138653e+03
4.500000e-07	-5.372263e-06	-1.726570e-08	-3.773253e+01	-1.133449e+03
4.600000e-07	-5.253332e-06	-1.717793e-08	-3.689721e+01	-1.128515e+03
4.700000e-07	-5.132382e-06	-1.708628e-08	-3.604771e+01	-1.123651e+03
4.800000e-07	-5.009527e-06	-1.700242e-08	-3.518482e+01	-1.118515e+03
4.900000e-07	-4.884839e-06	-1.692119e-08	-3.430906e+01	-1.112801e+03
5.000000e-07	-4.758419e-06	-1.683002e-08	-3.342114e+01	-1.106407e+03
5.100000e-07	-4.630343e-06	-1.672624e-08	-3.252159e+01	-1.099487e+03
5.200000e-07	-4.500583e-06	-1.662322e-08	-3.161022e+01	-1.092366e+03
5.300000e-07	-4.369139e-06	-1.652434e-08	-3.068701e+01	-1.085362e+03
5.400000e-07	-4.236137e-06	-1.641903e-08	-2.975286e+01	-1.078606e+03
5.500000e-07	-4.101659e-06	-1.629745e-08	-2.880834e+01	-1.071958e+03
5.600000e-07	-3.965647e-06	-1.617990e-08	-2.785305e+01	-1.065077e+03
5.700000e-07	-3.828123e-06	-1.607108e-08	-2.688714e+01	-1.057601e+03
5.800000e-07	-3.689188e-06	-1.595693e-08	-2.591131e+01	-1.049341e+03
5.900000e-07	-3.548824e-06	-1.582155e-08	-2.492546e+01	-1.040390e+03
6.000000e-07	-3.406952e-06	-1.567689e-08	-2.392901e+01	-1.031069e+03
6.100000e-07	-3.263652e-06	-1.554069e-08	-2.292252e+01	-1.021753e+03
6.200000e-07	-3.119099e-06	-1.540663e-08	-2.190725e+01	-1.012644e+03
6.300000e-07	-2.973460e-06	-1.526368e-08	-2.088434e+01	-1.003649e+03
6.400000e-07	-2.826816e-06	-1.510441e-08	-1.985438e+01	-9.944035e+02
6.500000e-07	-2.679172e-06	-1.494793e-08	-1.881738e+01	-9.844616e+02
6.600000e-07	-2.530631e-06	-1.479042e-08	-1.777410e+01	-9.735313e+02
6.700000e-07	-2.381289e-06	-1.462008e-08	-1.672518e+01	-9.616388e+02
6.800000e-07	-2.231110e-06	-1.443205e-08	-1.567039e+01	-9.491151e+02
6.900000e-07	-2.080123e-06	-1.423872e-08	-1.460992e+01	-9.364061e+02
7.000000e-07	-1.928407e-06	-1.404770e-08	-1.354432e+01	-9.238031e+02
7.100000e-07	-1.775961e-06	-1.384999e-08	-1.247361e+01	-9.112432e+02
7.200000e-07	-1.622797e-06	-1.363725e-08	-1.139785e+01	-8.983010e+02
7.300000e-07	-1.469006e-06	-1.340736e-08	-1.031768e+01	-8.843892e+02
7.400000e-07	-1.314716e-06	-1.317502e-08	-9.234016e+00	-8.690687e+02
7.500000e-07	-1.159966e-06	-1.293777e-08	-8.147113e+00	-8.522934e+02
7.600000e-07	-1.004745e-06	-1.268499e-08	-7.056906e+00	-8.344383e+02
7.700000e-07	-8.491324e-07	-1.240853e-08	-5.963951e+00	-8.160680e+02
7.800000e-07	-6.932352e-07	-1.211745e-08	-4.868994e+00	-7.975530e+02
7.900000e-07	-5.371080e-07	-1.181638e-08	-3.772422e+00	-7.787416e+02
8.000000e-07	-3.808632e-07	-1.149405e-08	-2.675024e+00	-7.588916e+02
8.100000e-07	-2.245093e-07	-1.114226e-08	-1.576859e+00	-7.369400e+02
8.200000e-07	-6.804762e-08	-1.076277e-08	-4.779380e-01	-7.119957e+02
8.300000e-07	8.845823e-08	-1.035909e-08	6.212936e-01	-6.837828e+02
8.400000e-07	2.449403e-07	-9.917994e-09	1.720358e+00	-6.527261e+02
8.500000e-07	4.013193e-07	-9.422830e-09	2.818699e+00	-6.195073e+02
8.600000e-07	5.575632e-07	-8.859510e-09	3.916091e+00	-5.841774e+02
8.700000e-07	7.135932e-07	-8.221004e-09	5.011980e+00	-5.451821e+02
8.800000e-07	8.693599e-07	-7.479100e-09	6.106020e+00	-4.988019e+02
8.900000e-07	1.024816e-06	-6.577445e-09	7.197882e+00	-4.394348e+02
9.000000e-07	1.179972e-06	-5.427929e-09	8.287627e+00	-3.608548e+02
9.100000e-07	1.334730e-06	-3.897365e-09	9.374583e+00	-2.581759e+02
9.200000e-07	1.488920e-06	-1.871668e-09	1.045755e+01	-1.298944e+02
9.300000e-07	1.642555e-06	5.014364e-10	1.153662e+01	2.074743e+01
9.400000e-07	1.795645e-06	2.927735e-09	1.261186e+01	1.856739e+02
9.500000e-07	1.948104e-06	5.325277e-09	1.368266e+01	3.533393e+02
9.600000e-07	2.099882e-06	7.718498e-09	1.474869e+01	5.112010e+02
9.700000e-07	2.250912e-06	9.911957e-09	1.580947e+01	6.485475e+02
9.800000e-07	2.401058e-06	1.157988e-08	1.686402e+01	7.587865e+02
9.900000e-07	2.550267e-06	1.270831e-08	1.791201e+01	8.404920e+02
1.000000e-06	2.698557e-06	1.349644e-08	1.895353e+01	8.969584e+02
1.010000e-06	2.845857e-06	1.407106e-08	1.998811e+01	9.345333e+02
1.020000e-06	2.992115e-06	1.450754e-08	2.101536e+01	9.603953e+02
1.030000e-06	3.137355e-06	1.485703e-08	2.203547e+01	9.805640e+02
1.040000e-06	3.281531e-06	1.515018e-08	2.304810e+01	9.987449e+02
1.050000e-06	3.424495e-06	1.539913e-08	2.405222e+01	1.016226e+03
1.060000e-06	3.566103e-06	1.561296e-08	2.504681e+01	1.032626e+03
1.070000e-06	3.706286e-06	1.580391e-08	2.603140e+01	1.047001e+03
1.080000e-06	3.845053e-06	1.598123e-08	2.700605e+01	1.058794e+03
1.090000e-06	3.982423e-06	1.614737e-08	2.797087e+01	1.068265e+03
1.100000e-06	4.118351e-06	1.629734e-08	2.892558e+01	1.076346e+03
1.110000e-06	4.252742e-06	1.643387e-08	2.986948e+01	1.084128e+03
1.120000e-06	4.385573e-06	1.656241e-08	3.080243e+01	1.092333e+03
1.130000e-06	4.516841e-06	1.668668e-08	3.172440e+01	1.101029e+03
1.140000e-06	4.646514e-06	1.680330e-08	3.263517e+01	1.109727e+03
1.150000e-06	4.774524e-06	1.691065e-08	3.353426e+01	1.117744e+03
1.160000e-06	4.900858e-06	1.701597e-08	3.442158e+01	1.124622e+03
1.170000e-06	5.025506e-06	1.712195e-08	3.529705e+01	1.130372e+03
1.180000e-06	5.148407e-06	1.722156e-08	3.616026e+01	1.135443e+03
1.190000e-06	5.269464e-06	1.730912e-08	3.701051e+01	1.140450e+03
1.200000e-06	5.388532e-06	1.739239e-08	3.784680e+01	1.145845e+03
1.210000e-06	5.505521e-06	1.747712e-08	3.866848e+01	1.151694e+03
1.220000e-06	5.620432e-06	1.756043e-08	3.947557e+01	1.157684e+03
1.230000e-06	5.733248e-06	1.763563e-08	4.026794e+01	1.163326e+03
1.240000e-06	5.843976e-06	1.770448e-08	4.104564e+01	1.168241e+03
1.250000e-06	5.952701e-06	1.777390e-08	4.180929e+01	1.172361e+03
1.260000e-06	6.059334e-06	1.784591e-08	4.255823e+01	1.175950e+03
1.270000e-06	6.163733e-06	1.791366e-08	4.329148e+01	1.179446e+03
1.280000e-06	6.265880e-06	1.797455e-08	4.400892e+01	1.183217e+03
1.290000e-06	6.365742e-06	1.803330e-08	4.471031e+01	1.187364e+03
1.300000e-06	6.463259e-06	1.809129e-08	4.539523e+01	1.191688e+03
1.310000e-06	6.558444e-06	1.814865e-08	4.606377e+01	1.195807e+03
1.320000e-06	6.651408e-06	1.820005e-08	4.671671e+01	1.199382e+03
1.330000e-06	6.742104e-06	1.824710e-08	4.735372e+01	1.202292e+03
1.340000e-06	6.830379e-06	1.829578e-08	4.797373e+01	1.204700e+03
1.350000e-06	6.916276e-06	1.834577e-08	4.857703e+01	1.206952e+03
1.360000e-06	6.999783e-06	1.839217e-08	4.916355e+01	1.209385e+03
1.370000e-06	7.080726e-06	1.843228e-08	4.973206e+01	1.212154e+03
1.380000e-06	7.159060e-06	1.847093e-08	5.028224e+01	1.215154e+03
1.390000e-06	7.234741e-06	1.851124e-08	5.081380e+01	1.218093e+03
1.400000e-06	7.307664e-06	1.855187e-08	5.132598e+01	1.220660e+03
1.410000e-06	7.378013e-06	1.858743e-08	5.182008e+01	1.222696e+03
1.420000e-06	7.445839e-06	1.861940e-08	5.229646e+01	1.224278e+03
1.430000e-06	7.510945e-06	1.865288e-08	5.275374e+01	1.225669e+03
1.440000e-06	7.573427e-06	1.868657e-08	5.319258e+01	1.227171e+03
1.450000e-06	7.633333e-06	1.871673e-08	5.361334e+01	1.228962e+03
1.460000e-06	7.690512e-06	1.874269e-08	5.401494e+01	1.231001e+03
1.470000e-06	7.744848e-06	1.876873e-08	5.439657e+01	1.233059e+03
1.480000e-06	7.796059e-06	1.879575e-08	5.475626e+01	1.234848e+03
1.490000e-06	7.844177e-06	1.882103e-08	5.509422e+01	1.236180e+03
1.500000e-06	7.889543e-06	1.884217e-08	5.541285e+01	1.237066e+03
1.510000e-06	7.932066e-06	1.886056e-08	5.571151e+01	1.237709e+03
1.520000e-06	7.971744e-06	1.887984e-08	5.599020e+01	1.238386e+03
1.530000e-06	8.008762e-06	1.889918e-08	5.625019e+01	1.239299e+03
1.540000e-06	8.042934e-06	1.891432e-08	5.649020e+01	1.240467e+03
1.550000e-06	8.074206e-06	1.892713e-08	5.670985e+01	1.241718e+03
1.560000e-06	8.102740e-06	1.894184e-08	5.691025e+01	1.242788e+03
1.570000e-06	8.128329e-06	1.895751e-08	5.708998e+01	1.243466e+03
1.580000e-06	8.150954e-06	1.897111e-08	5.724889e+01	1.243705e+03
1.590000e-06	8.170862e-06	1.897947e-08	5.738872e+01	1.243652e+03
1.600000e-06	8.187885e-06	1.898468e-08	5.750828e+01	1.243557e+03
1.610000e-06	8.201852e-06	1.899073e-08	5.760638e+01	1.243642e+03
1.620000e-06	8.212659e-06	1.899761e-08	5.768228e+01	1.243982e+03
1.630000e-06	8.220355e-06	1.900210e-08	5.773633e+01	1.244463e+03
1.640000e-06	8.225235e-06	1.900339e-08	5.777061e+01	1.244852e+03
1.650000e-06	8.227249e-06	1.900657e-08	5.778476e+01	1.244925e+03
1.660000e-06	8.226384e-06	1.900665e-08	5.777868e+01	1.244581e+03
1.670000e-06	8.222842e-06	1.900096e-08	5.775381e+01	1.243901e+03
1.680000e-06	8.216503e-06	1.899449e-08	5.770928e+01	1.243093e+03
1.690000e-06	8.207398e-06	1.898720e-08	5.764533e+01	1.242382e+03
1.700000e-06	8.195508e-06	1.898095e-08	5.756182e+01	1.241882e+03
1.710000e-06	8.180759e-06	1.897856e-08	5.745823e+01	1.241546e+03
1.720000e-06	8.163469e-06	1.898603e-08	5.733679e+01	1.241191e+03
1.730000e-06	8.143785e-06	1.896565e-08	5.719854e+01	1.240612e+03
1.740000e-06	8.121219e-06	1.887197e-08	5.704005e+01	1.239694e+03
1.750000e-06	8.094954e-06	1.885405e-08	5.685557e+01	1.238476e+03
1.760000e-06	8.064788e-06	1.887605e-08	5.664370e+01	1.237127e+03
1.770000e-06	8.031520e-06	1.885587e-08	5.641004e+01	1.235849e+03
1.780000e-06	7.995955e-06	1.884263e-08	5.616024e+01	1.234761e+03
1.790000e-06	7.958088e-06	1.890315e-08	5.589428e+01	1.233831e+03
1.800000e-06	7.918120e-06	1.882723e-08	5.561356e+01	1.232895e+03
1.810000e-06	7.875981e-06	1.879160e-08	5.531760e+01	1.231753e+03
1.820000e-06	7.830977e-06	1.883620e-08	5.500151e+01	1.230282e+03
1.830000e-06	7.783118e-06	1.872056e-08	5.466537e+01	1.228508e+03
1.840000e-06	7.732208e-06	1.878328e-08	5.430779e+01	1.226596e+03
1.850000e-06	7.678101e-06	1.872508e-08	5.392777e+01	1.224749e+03
1.860000e-06	7.621283e-06	1.870134e-08	5.352871e+01	1.223094e+03
1.870000e-06	7.561718e-06	1.872041e-08	5.311035e+01	1.221593e+03
1.880000e-06	7.499440e-06	1.861668e-08	5.267293e+01	1.220053e+03
1.890000e-06	7.434380e-06	1.864179e-08	5.221598e+01	1.218224e+03
1.900000e-06	7.366438e-06	1.855842e-08	5.173878e+01	1.215927e+03
1.910000e-06	7.295773e-06	1.855939e-08	5.124246e+01	1.213158e+03
1.920000e-06	7.222320e-06	1.852179e-08	5.072655e+01	1.210095e+03
1.930000e-06	7.146179e-06	1.845990e-08	5.019178e+01	1.207006e+03
1.940000e-06	7.067345e-06	1.845937e-08	4.963807e+01	1.204108e+03
1.950000e-06	6.985936e-06	1.835359e-08	4.906629e+01	1.201448e+03
1.960000e-06	6.902038e-06	1.834601e-08	4.847703e+01	1.198873e+03
1.970000e-06	6.815520e-06	1.826875e-08	4.786936e+01	1.196113e+03
1.980000e-06	6.726523e-06	1.823449e-08	4.724428e+01	1.192923e+03
1.990000e-06	6.635216e-06	1.819544e-08	4.660298e+01	1.189218e+03
2.000000e-06	6.541665e-06	1.812899e-08	4.594592e+01	1.185128e+03
2.010000e-06	6.445789e-06	1.808518e-08	4.527253e+01	1.180925e+03
2.020000e-06	6.347668e-06	1.799377e-08	4.458337e+01	1.176883e+03
2.030000e-06	6.247277e-06	1.794993e-08	4.387826e+01	1.173123e+03
2.040000e-06	6.144545e-06	1.786803e-08	4.315671e+01	1.169544e+03
2.050000e-06	6.039580e-06	1.782912e-08	4.241949e+01	1.165869e+03
2.060000e-06	5.932525e-06	1.775940e-08	4.166757e+01	1.161791e+03
2.070000e-06	5.823429e-06	1.769571e-08	4.090133e+01	1.157134e+03
2.080000e-06	5.712147e-06	1.761850e-08	4.011973e+01	1.151952e+03
2.090000e-06	5.598601e-06	1.753118e-08	3.932223e+01	1.146504e+03
2.100000e-06	5.482828e-06	1.745450e-08	3.850909e+01	1.141109e+03
2.110000e-06	5.364978e-06	1.736751e-08	3.768136e+01	1.135978e+03
2.120000e-06	5.245125e-06	1.729970e-08	3.683956e+01	1.131088e+03
2.130000e-06	5.123408e-06	1.721758e-08	3.598467e+01	1.126189e+03
2.140000e-06	4.999899e-06	1.713966e-08	3.511720e+01	1.120929e+03
2.150000e-06	4.874567e-06	1.703864e-08	3.423692e+01	1.115044e+03
2.160000e-06	4.747415e-06	1.694428e-08	3.334386e+01	1.108494e+03
2.170000e-06	4.618568e-06	1.684316e-08	3.243889e+01	1.101489e+03
2.180000e-06	4.488156e-06	1.674476e-08	3.152293e+01	1.094371e+03
2.190000e-06	4.356120e-06	1.664112e-08	3.059557e+01	1.087426e+03
2.200000e-06	4.222493e-06	1.653787e-08	2.965702e+01	1.080719e+03
2.210000e-06	4.087428e-06	1.642790e-08	2.870838e+01	1.074048e+03
2.220000e-06	3.950888e-06	1.631174e-08	2.774939e+01	1.067048e+03
2.230000e-06	3.812744e-06	1.619175e-08	2.677912e+01	1.059382e+03
2.240000e-06	3.673155e-06	1.606828e-08	2.579870e+01	1.050928e+03
2.250000e-06	3.532230e-06	1.594411e-08	2.480891e+01	1.041848e+03
2.260000e-06	3.389996e-06	1.581261e-08	2.380991e+01	1.032495e+03
2.270000e-06	3.246520e-06	1.567531e-08	2.280220e+01	1.023221e+03
2.280000e-06	3.101816e-06	1.552898e-08	2.178586e+01	1.014161e+03
2.290000e-06	2.955964e-06	1.537739e-08	2.076145e+01	1.005143e+03
2.300000e-06	2.809135e-06	1.522079e-08	1.973019e+01	9.957627e+02
2.310000e-06	2.661350e-06	1.506467e-08	1.869221e+01	9.855892e+02
2.320000e-06	2.512649e-06	1.490119e-08	1.764780e+01	9.744012e+02
2.330000e-06	2.363085e-06	1.473271e-08	1.659732e+01	9.623099e+02
2.340000e-06	2.212637e-06	1.455262e-08	1.554064e+01	9.496984e+02
2.350000e-06	2.061430e-06	1.436413e-08	1.447863e+01	9.369992e+02
2.360000e-06	1.909522e-06	1.416620e-08	1.341169e+01	9.244275e+02
2.370000e-06	1.756894e-06	1.396206e-08	1.233969e+01	9.118220e+02
2.380000e-06	1.603618e-06	1.375059e-08	1.126315e+01	8.986910e+02
2.390000e-06	1.449809e-06	1.352969e-08	1.018285e+01	8.844547e+02
2.400000e-06	1.295497e-06	1.329652e-08	9.099027e+00	8.687557e+02
2.410000e-06	1.140698e-06	1.304914e-08	8.011787e+00	8.516611e+02
2.420000e-06	9.854739e-07	1.279234e-08	6.921556e+00	8.336238e+02
2.430000e-06	8.298639e-07	1.252116e-08	5.828617e+00	8.151977e+02
2.440000e-06	6.739292e-07	1.223202e-08	4.733397e+00	7.966462e+02
2.450000e-06	5.177457e-07	1.192586e-08	3.636429e+00	7.776633e+02
2.460000e-06	3.613858e-07	1.159959e-08	2.538223e+00	7.573890e+02
2.470000e-06	2.049323e-07	1.124716e-08	1.439359e+00	7.347535e+02
2.480000e-06	4.845179e-08	1.086426e-08	3.403051e-01	7.089871e+02
2.490000e-06	-1.080134e-07	1.044641e-08	-7.586409e-01	6.800004e+02
2.500000e-06	-2.644464e-07	9.989526e-09	-1.857361e+00	6.483454e+02
2.510000e-06	-4.207592e-07	9.485348e-09	-2.955237e+00	6.146404e+02
2.520000e-06	-5.768757e-07	8.919326e-09	-4.051734e+00	5.786191e+02
2.530000e-06	-7.327634e-07	8.267376e-09	-5.146624e+00	5.382112e+02
2.540000e-06	-8.884107e-07	7.497579e-09	-6.239825e+00	4.891614e+02
2.550000e-06	-1.043703e-06	6.557157e-09	-7.330533e+00	4.255581e+02
2.560000e-06	-1.198545e-06	5.352392e-09	-8.418081e+00	3.413106e+02
2.570000e-06	-1.352943e-06	3.734621e-09	-9.502505e+00	2.322006e+02
2.580000e-06	-1.506843e-06	1.617950e-09	-1.058343e+01	9.782531e+01
2.590000e-06	-1.660185e-06	-8.182320e-10	-1.166045e+01	-5.731530e+01
2.600000e-06	-1.812947e-06	-3.341288e-09	-1.273338e+01	-2.240971e+02
2.610000e-06	-1.965009e-06	-5.873545e-09	-1.380140e+01	-3.904642e+02
2.620000e-06	-2.116265e-06	-8.341049e-09	-1.486376e+01	-5.440729e+02
2.630000e-06	-2.266750e-06	-1.048498e-08	-1.592070e+01	-6.750663e+02
2.640000e-06	-2.416420e-06	-1.204778e-08	-1.697193e+01	-7.781035e+02
2.650000e-06	-2.565214e-06	-1.309978e-08	-1.801699e+01	-8.530366e+02
2.660000e-06	-2.713090e-06	-1.384112e-08	-1.905561e+01	-9.041147e+02
2.670000e-06	-2.860079e-06	-1.439141e-08	-2.008800e+01	-9.381056e+02
2.680000e-06	-3.006128e-06	-1.481304e-08	-2.111379e+01	-9.620598e+02
2.690000e-06	-3.151026e-06	-1.514771e-08	-2.213149e+01	-9.814858e+02
2.700000e-06	-3.294713e-06	-1.542703e-08	-2.314069e+01	-9.994548e+02
2.710000e-06	-3.437168e-06	-1.566588e-08	-2.414123e+01	-1.016744e+03
2.720000e-06	-3.578318e-06	-1.587407e-08	-2.513261e+01	-1.032725e+03
2.730000e-06	-3.718169e-06	-1.605876e-08	-2.611486e+01	-1.046478e+03
2.740000e-06	-3.856608e-06	-1.622733e-08	-2.708720e+01	-1.057635e+03
2.750000e-06	-3.993480e-06	-1.638678e-08	-2.804853e+01	-1.066656e+03
2.760000e-06	-4.128847e-06	-1.653424e-08	-2.899930e+01	-1.074567e+03
2.770000e-06	-4.262755e-06	-1.666676e-08	-2.993981e+01	-1.082413e+03
2.780000e-06	-4.395158e-06	-1.678505e-08	-3.086975e+01	-1.090761e+03
2.790000e-06	-4.526004e-06	-1.689654e-08	-3.178876e+01	-1.099520e+03
2.800000e-06	-4.655255e-06	-1.700724e-08	-3.269657e+01	-1.108110e+03
2.810000e-06	-4.782864e-06	-1.711380e-08	-3.359284e+01	-1.115870e+03
2.820000e-06	-4.908754e-06	-1.721422e-08	-3.447704e+01	-1.122446e+03
2.830000e-06	-5.032899e-06	-1.730748e-08	-3.534898e+01	-1.127973e+03
2.840000e-06	-5.155259e-06	-1.739567e-08	-3.620838e+01	-1.132973e+03
2.850000e-06	-5.275771e-06	-1.747849e-08	-3.705481e+01	-1.138048e+03
2.860000e-06	-5.394344e-06	-1.755686e-08	-3.788762e+01	-1.143568e+03
2.870000e-06	-5.510796e-06	-1.763496e-08	-3.870553e+01	-1.149494e+03
2.880000e-06	-5.624938e-06	-1.771373e-08	-3.950721e+01	-1.155445e+03
2.890000e-06	-5.736797e-06	-1.779164e-08	-4.029286e+01	-1.160932e+03
2.900000e-06	-5.846542e-06	-1.786375e-08	-4.106367e+01	-1.165642e+03
2.910000e-06	-5.954231e-06	-1.792723e-08	-4.182003e+01	-1.169594e+03
2.920000e-06	-6.059926e-06	-1.798559e-08	-4.256238e+01	-1.173118e+03
2.930000e-06	-6.163487e-06	-1.804521e-08	-4.328976e+01	-1.176658e+03
2.940000e-06	-6.264753e-06	-1.810729e-08	-4.400101e+01	-1.180527e+03
2.950000e-06	-6.363780e-06	-1.816622e-08	-4.469653e+01	-1.184748e+03
2.960000e-06	-6.460636e-06	-1.822028e-08	-4.537680e+01	-1.189060e+03
2.970000e-06	-6.555286e-06	-1.827082e-08	-4.604159e+01	-1.193070e+03
2.980000e-06	-6.647606e-06	-1.831800e-08	-4.669000e+01	-1.196479e+03
2.990000e-06	-6.737542e-06	-1.836074e-08	-4.732168e+01	-1.199240e+03
3.000000e-06	-6.825112e-06	-1.840012e-08	-4.793673e+01	-1.201575e+03
3.010000e-06	-6.910295e-06	-1.843982e-08	-4.853502e+01	-1.203846e+03
3.020000e-06	-6.992989e-06	-1.848075e-08	-4.911583e+01	-1.206360e+03
3.030000e-06	-7.073197e-06	-1.852140e-08	-4.967918e+01	-1.209207e+03
3.040000e-06	-7.150781e-06	-1.855695e-08	-5.022410e+01	-1.212224e+03
3.050000e-06	-7.225630e-06	-1.858572e-08	-5.074980e+01	-1.215097e+03
3.060000e-06	-7.297844e-06	-1.861124e-08	-5.125701e+01	-1.217538e+03
3.070000e-06	-7.367381e-06	-1.863923e-08	-5.174540e+01	-1.219446e+03
3.080000e-06	-7.434211e-06	-1.866910e-08	-5.221479e+01	-1.220951e+03
3.090000e-06	-7.498439e-06	-1.869763e-08	-5.266590e+01	-1.222345e+03
3.100000e-06	-7.559998e-06	-1.872297e-08	-5.309827e+01	-1.223911e+03
3.110000e-06	-7.618811e-06	-1.874504e-08	-5.351134e+01	-1.225778e+03
3.120000e-06	-7.674927e-06	-1.876510e-08	-5.390548e+01	-1.227850e+03
3.130000e-06	-7.728145e-06	-1.878330e-08	-5.427926e+01	-1.229868e+03
3.140000e-06	-7.778238e-06	-1.880143e-08	-5.463109e+01	-1.231554e+03
3.150000e-06	-7.825248e-06	-1.881900e-08	-5.496127e+01	-1.232766e+03
3.160000e-06	-7.869507e-06	-1.883451e-08	-5.527212e+01	-1.233568e+03
3.170000e-06	-7.911269e-06	-1.884882e-08	-5.556545e+01	-1.234194e+03
3.180000e-06	-7.950363e-06	-1.886199e-08	-5.584003e+01	-1.234919e+03
3.190000e-06	-7.986592e-06	-1.887395e-08	-5.609448e+01	-1.235903e+03
3.200000e-06	-8.020069e-06	-1.888351e-08	-5.632961e+01	-1.237115e+03
3.210000e-06	-8.050717e-06	-1.889031e-08	-5.654487e+01	-1.238348e+03
3.220000e-06	-8.078361e-06	-1.889607e-08	-5.673903e+01	-1.239335e+03
3.230000e-06	-8.103130e-06	-1.890206e-08	-5.691300e+01	-1.239900e+03
3.240000e-06	-8.125021e-06	-1.890652e-08	-5.706675e+01	-1.240048e+03
3.250000e-06	-8.144046e-06	-1.890736e-08	-5.720037e+01	-1.239961e+03
3.260000e-06	-8.160285e-06	-1.890618e-08	-5.731443e+01	-1.239895e+03
3.270000e-06	-8.173435e-06	-1.890557e-08	-5.740679e+01	-1.240046e+03
3.280000e-06	-8.183424e-06	-1.890664e-08	-5.747695e+01	-1.240438e+03
3.290000e-06	-8.190477e-06	-1.890589e-08	-5.752648e+01	-1.240922e+03
3.300000e-06	-8.194595e-06	-1.890144e-08	-5.755541e+01	-1.241251e+03
3.310000e-06	-8.195902e-06	-1.889365e-08	-5.756459e+01	-1.241223e+03
