# Temperatura_=_72.96
# Concentracion g/m^3_=_33330.0
# C_Vs_to_Am_M_A/Vsm_=_65563218390.804596
# pendiente_HvsI_1/m_=_3716.3
# ordenada_HvsI_A/m_=_1297.0
# frecuencia_Hz_=_301688.5628609506

Tiempo_(s)	Campo_(V.s)	Magnetizacion_(V.s)	Campo_(kA/m)	Magnetizacion_(A/m)
0.000000e+00	-8.171393e-06	-1.881643e-08	-5.756325e+01	-1.237584e+03
1.000000e-08	-8.168490e-06	-1.881897e-08	-5.754280e+01	-1.236854e+03
2.000000e-08	-8.162946e-06	-1.881381e-08	-5.750375e+01	-1.235974e+03
3.000000e-08	-8.154845e-06	-1.880497e-08	-5.744668e+01	-1.235178e+03
4.000000e-08	-8.143914e-06	-1.879632e-08	-5.736967e+01	-1.234598e+03
5.000000e-08	-8.130024e-06	-1.878471e-08	-5.727183e+01	-1.234185e+03
6.000000e-08	-8.113174e-06	-1.876408e-08	-5.715313e+01	-1.233740e+03
7.000000e-08	-8.093738e-06	-1.872557e-08	-5.701621e+01	-1.233024e+03
8.000000e-08	-8.071903e-06	-1.872882e-08	-5.686240e+01	-1.231896e+03
9.000000e-08	-8.047096e-06	-1.879820e-08	-5.668764e+01	-1.230397e+03
1.000000e-07	-8.018958e-06	-1.877083e-08	-5.648942e+01	-1.228728e+03
1.100000e-07	-7.987703e-06	-1.869863e-08	-5.626925e+01	-1.227147e+03
1.200000e-07	-7.953513e-06	-1.867447e-08	-5.602840e+01	-1.225822e+03
1.300000e-07	-7.916648e-06	-1.866654e-08	-5.576870e+01	-1.224737e+03
1.400000e-07	-7.877496e-06	-1.859866e-08	-5.549290e+01	-1.223698e+03
1.500000e-07	-7.836011e-06	-1.851867e-08	-5.520066e+01	-1.222432e+03
1.600000e-07	-7.791758e-06	-1.859347e-08	-5.488892e+01	-1.220743e+03
1.700000e-07	-7.744674e-06	-1.849920e-08	-5.455724e+01	-1.218610e+03
1.800000e-07	-7.694876e-06	-1.850852e-08	-5.420644e+01	-1.216207e+03
1.900000e-07	-7.642033e-06	-1.852876e-08	-5.383418e+01	-1.213799e+03
2.000000e-07	-7.586222e-06	-1.839554e-08	-5.344102e+01	-1.211596e+03
2.100000e-07	-7.527640e-06	-1.841643e-08	-5.302834e+01	-1.209631e+03
2.200000e-07	-7.466364e-06	-1.834538e-08	-5.259669e+01	-1.207733e+03
2.300000e-07	-7.402547e-06	-1.833696e-08	-5.214713e+01	-1.205616e+03
2.400000e-07	-7.335909e-06	-1.828676e-08	-5.167770e+01	-1.203030e+03
2.500000e-07	-7.266488e-06	-1.821475e-08	-5.118866e+01	-1.199903e+03
2.600000e-07	-7.194403e-06	-1.819243e-08	-5.068086e+01	-1.196379e+03
2.700000e-07	-7.119540e-06	-1.814124e-08	-5.015349e+01	-1.192747e+03
2.800000e-07	-7.041856e-06	-1.811692e-08	-4.960625e+01	-1.189283e+03
2.900000e-07	-6.961353e-06	-1.802172e-08	-4.903914e+01	-1.186101e+03
3.000000e-07	-6.878334e-06	-1.799310e-08	-4.845431e+01	-1.183091e+03
3.100000e-07	-6.793064e-06	-1.795085e-08	-4.785363e+01	-1.179974e+03
3.200000e-07	-6.705519e-06	-1.787465e-08	-4.723693e+01	-1.176460e+03
3.300000e-07	-6.615615e-06	-1.781849e-08	-4.660360e+01	-1.172406e+03
3.400000e-07	-6.523339e-06	-1.773321e-08	-4.595356e+01	-1.167900e+03
3.500000e-07	-6.428709e-06	-1.769983e-08	-4.528694e+01	-1.163214e+03
3.600000e-07	-6.331696e-06	-1.766043e-08	-4.460354e+01	-1.158656e+03
3.700000e-07	-6.232308e-06	-1.759299e-08	-4.390340e+01	-1.154392e+03
3.800000e-07	-6.130699e-06	-1.749692e-08	-4.318761e+01	-1.150347e+03
3.900000e-07	-6.026903e-06	-1.741665e-08	-4.245643e+01	-1.146235e+03
4.000000e-07	-5.920921e-06	-1.735155e-08	-4.170983e+01	-1.141709e+03
4.100000e-07	-5.812813e-06	-1.726458e-08	-4.094827e+01	-1.136554e+03
4.200000e-07	-5.702597e-06	-1.718780e-08	-4.017186e+01	-1.130811e+03
4.300000e-07	-5.590208e-06	-1.711096e-08	-3.938014e+01	-1.124765e+03
4.400000e-07	-5.475666e-06	-1.705131e-08	-3.857324e+01	-1.118795e+03
4.500000e-07	-5.359122e-06	-1.697128e-08	-3.775225e+01	-1.113172e+03
4.600000e-07	-5.240553e-06	-1.686541e-08	-3.691699e+01	-1.107893e+03
4.700000e-07	-5.119924e-06	-1.675745e-08	-3.606722e+01	-1.102676e+03
4.800000e-07	-4.997441e-06	-1.666581e-08	-3.520440e+01	-1.097090e+03
4.900000e-07	-4.873199e-06	-1.658746e-08	-3.432918e+01	-1.090785e+03
5.000000e-07	-4.747216e-06	-1.649041e-08	-3.344169e+01	-1.083679e+03
5.100000e-07	-4.619522e-06	-1.637652e-08	-3.254215e+01	-1.076008e+03
5.200000e-07	-4.490143e-06	-1.626020e-08	-3.163075e+01	-1.068206e+03
5.300000e-07	-4.359155e-06	-1.615676e-08	-3.070800e+01	-1.060668e+03
5.400000e-07	-4.226573e-06	-1.604721e-08	-2.977403e+01	-1.053534e+03
5.500000e-07	-4.092470e-06	-1.591867e-08	-2.882934e+01	-1.046597e+03
5.600000e-07	-3.956798e-06	-1.579198e-08	-2.787360e+01	-1.039407e+03
5.700000e-07	-3.819618e-06	-1.567522e-08	-2.690724e+01	-1.031503e+03
5.800000e-07	-3.681100e-06	-1.555543e-08	-2.593145e+01	-1.022668e+03
5.900000e-07	-3.541171e-06	-1.540987e-08	-2.494572e+01	-1.013050e+03
6.000000e-07	-3.399710e-06	-1.525643e-08	-2.394920e+01	-1.003087e+03
6.100000e-07	-3.256841e-06	-1.511751e-08	-2.294276e+01	-9.932706e+02
6.200000e-07	-3.112813e-06	-1.498817e-08	-2.192816e+01	-9.838637e+02
6.300000e-07	-2.967701e-06	-1.484461e-08	-2.090592e+01	-9.747341e+02
6.400000e-07	-2.821480e-06	-1.467490e-08	-1.987587e+01	-9.654024e+02
6.500000e-07	-2.674186e-06	-1.450354e-08	-1.883826e+01	-9.552838e+02
6.600000e-07	-2.525998e-06	-1.433581e-08	-1.779436e+01	-9.440028e+02
6.700000e-07	-2.377057e-06	-1.416162e-08	-1.674514e+01	-9.316044e+02
6.800000e-07	-2.227329e-06	-1.397074e-08	-1.569039e+01	-9.185397e+02
6.900000e-07	-2.076763e-06	-1.377917e-08	-1.462972e+01	-9.054186e+02
7.000000e-07	-1.925365e-06	-1.359177e-08	-1.356320e+01	-8.926551e+02
7.100000e-07	-1.773286e-06	-1.339785e-08	-1.249189e+01	-8.801992e+02
7.200000e-07	-1.620608e-06	-1.318149e-08	-1.141635e+01	-8.675130e+02
7.300000e-07	-1.467314e-06	-1.294221e-08	-1.033647e+01	-8.538241e+02
7.400000e-07	-1.313497e-06	-1.270442e-08	-9.252910e+00	-8.385320e+02
7.500000e-07	-1.159250e-06	-1.246759e-08	-8.166321e+00	-8.215465e+02
7.600000e-07	-1.004568e-06	-1.222033e-08	-7.076660e+00	-8.033559e+02
7.700000e-07	-8.494813e-07	-1.194799e-08	-5.984158e+00	-7.847549e+02
7.800000e-07	-6.940809e-07	-1.165984e-08	-4.889442e+00	-7.663533e+02
7.900000e-07	-5.384383e-07	-1.136382e-08	-3.793020e+00	-7.481246e+02
8.000000e-07	-3.826597e-07	-1.105185e-08	-2.695641e+00	-7.292620e+02
8.100000e-07	-2.267398e-07	-1.071086e-08	-1.597265e+00	-7.084668e+02
8.200000e-07	-7.069890e-08	-1.034180e-08	-4.980373e-01	-6.845590e+02
8.300000e-07	8.536315e-08	-9.952443e-09	6.013394e-01	-6.570886e+02
8.400000e-07	2.413514e-07	-9.528954e-09	1.700196e+00	-6.265632e+02
8.500000e-07	3.972730e-07	-9.053898e-09	2.798584e+00	-5.940450e+02
8.600000e-07	5.531151e-07	-8.515996e-09	3.896411e+00	-5.601666e+02
8.700000e-07	7.086964e-07	-7.914323e-09	4.992400e+00	-5.239497e+02
8.800000e-07	8.639569e-07	-7.226372e-09	6.086131e+00	-4.820042e+02
8.900000e-07	1.018895e-06	-6.399168e-09	7.177587e+00	-4.286367e+02
9.000000e-07	1.173486e-06	-5.346739e-09	8.266606e+00	-3.570815e+02
9.100000e-07	1.327717e-06	-3.951501e-09	9.353080e+00	-2.616011e+02
9.200000e-07	1.481431e-06	-2.077728e-09	1.043592e+01	-1.397847e+02
9.300000e-07	1.634550e-06	2.164411e-10	1.151456e+01	5.812065e+00
9.400000e-07	1.787186e-06	2.639572e-09	1.258980e+01	1.673886e+02
9.500000e-07	1.939265e-06	5.042296e-09	1.366112e+01	3.332272e+02
9.600000e-07	2.090708e-06	7.430801e-09	1.472796e+01	4.902918e+02
9.700000e-07	2.241425e-06	9.592084e-09	1.578969e+01	6.272817e+02
9.800000e-07	2.391218e-06	1.122168e-08	1.684489e+01	7.371489e+02
9.900000e-07	2.540044e-06	1.233712e-08	1.789330e+01	8.182862e+02
1.000000e-06	2.687872e-06	1.312349e-08	1.893467e+01	8.740868e+02
1.010000e-06	2.834734e-06	1.370104e-08	1.996924e+01	9.111618e+02
1.020000e-06	2.980611e-06	1.414434e-08	2.099687e+01	9.369476e+02
1.030000e-06	3.125481e-06	1.450420e-08	2.201740e+01	9.575722e+02
1.040000e-06	3.269292e-06	1.481080e-08	2.303048e+01	9.766465e+02
1.050000e-06	3.411801e-06	1.507224e-08	2.403438e+01	9.952120e+02
1.060000e-06	3.552934e-06	1.529591e-08	2.502859e+01	1.012608e+03
1.070000e-06	3.692699e-06	1.549365e-08	2.601316e+01	1.027708e+03
1.080000e-06	3.831110e-06	1.567644e-08	2.698819e+01	1.039939e+03
1.090000e-06	3.968183e-06	1.584782e-08	2.795380e+01	1.049694e+03
1.100000e-06	4.103787e-06	1.600588e-08	2.890906e+01	1.058106e+03
1.110000e-06	4.237871e-06	1.615503e-08	2.985361e+01	1.066424e+03
1.120000e-06	4.370428e-06	1.629915e-08	3.078741e+01	1.075405e+03
1.130000e-06	4.501350e-06	1.643752e-08	3.170969e+01	1.085023e+03
1.140000e-06	4.630687e-06	1.656432e-08	3.262080e+01	1.094618e+03
1.150000e-06	4.758417e-06	1.667756e-08	3.352060e+01	1.103353e+03
1.160000e-06	4.884459e-06	1.678673e-08	3.440849e+01	1.110710e+03
1.170000e-06	5.008774e-06	1.689713e-08	3.528423e+01	1.116761e+03
1.180000e-06	5.131295e-06	1.700322e-08	3.614733e+01	1.122093e+03
1.190000e-06	5.251997e-06	1.710010e-08	3.699761e+01	1.127473e+03
1.200000e-06	5.370761e-06	1.719344e-08	3.783424e+01	1.133432e+03
1.210000e-06	5.487500e-06	1.728953e-08	3.865661e+01	1.140008e+03
1.220000e-06	5.602193e-06	1.738553e-08	3.946456e+01	1.146772e+03
1.230000e-06	5.714722e-06	1.747220e-08	4.025727e+01	1.153095e+03
1.240000e-06	5.825139e-06	1.754951e-08	4.103510e+01	1.158499e+03
1.250000e-06	5.933552e-06	1.762468e-08	4.179881e+01	1.162914e+03
1.260000e-06	6.039871e-06	1.769974e-08	4.254778e+01	1.166690e+03
1.270000e-06	6.144002e-06	1.777024e-08	4.328133e+01	1.170395e+03
1.280000e-06	6.245908e-06	1.783409e-08	4.399920e+01	1.174499e+03
1.290000e-06	6.345553e-06	1.789757e-08	4.470115e+01	1.179134e+03
1.300000e-06	6.442859e-06	1.796463e-08	4.538662e+01	1.184040e+03
1.310000e-06	6.537825e-06	1.803142e-08	4.605560e+01	1.188723e+03
1.320000e-06	6.630501e-06	1.809136e-08	4.670846e+01	1.192734e+03
1.330000e-06	6.720857e-06	1.814440e-08	4.734497e+01	1.195905e+03
1.340000e-06	6.808822e-06	1.819539e-08	4.796464e+01	1.198430e+03
1.350000e-06	6.894440e-06	1.824520e-08	4.856777e+01	1.200751e+03
1.360000e-06	6.977707e-06	1.829028e-08	4.915435e+01	1.203318e+03
1.370000e-06	7.058454e-06	1.833105e-08	4.972317e+01	1.206354e+03
1.380000e-06	7.136673e-06	1.837478e-08	5.027418e+01	1.209753e+03
1.390000e-06	7.212280e-06	1.842418e-08	5.080680e+01	1.213154e+03
1.400000e-06	7.285129e-06	1.847248e-08	5.131998e+01	1.216142e+03
1.410000e-06	7.355356e-06	1.851178e-08	5.181469e+01	1.218475e+03
1.420000e-06	7.422986e-06	1.854624e-08	5.229111e+01	1.220198e+03
1.430000e-06	7.487927e-06	1.858302e-08	5.274859e+01	1.221612e+03
1.440000e-06	7.550257e-06	1.862006e-08	5.318767e+01	1.223097e+03
1.450000e-06	7.610003e-06	1.865073e-08	5.360855e+01	1.224914e+03
1.460000e-06	7.667040e-06	1.867508e-08	5.401034e+01	1.227070e+03
1.470000e-06	7.721252e-06	1.870230e-08	5.439224e+01	1.229335e+03
1.480000e-06	7.772350e-06	1.873411e-08	5.475220e+01	1.231372e+03
1.490000e-06	7.820293e-06	1.876234e-08	5.508993e+01	1.232931e+03
1.500000e-06	7.865500e-06	1.878332e-08	5.540839e+01	1.233975e+03
1.510000e-06	7.907961e-06	1.880485e-08	5.570751e+01	1.234692e+03
1.520000e-06	7.947546e-06	1.883063e-08	5.598636e+01	1.235379e+03
1.530000e-06	7.984444e-06	1.885376e-08	5.624629e+01	1.236280e+03
1.540000e-06	8.018555e-06	1.886840e-08	5.648659e+01	1.237449e+03
1.550000e-06	8.049800e-06	1.887918e-08	5.670669e+01	1.238736e+03
1.560000e-06	8.078322e-06	1.889191e-08	5.690762e+01	1.239870e+03
1.570000e-06	8.103900e-06	1.890554e-08	5.708780e+01	1.240623e+03
1.580000e-06	8.126546e-06	1.891683e-08	5.724733e+01	1.240926e+03
1.590000e-06	8.146515e-06	1.892435e-08	5.738800e+01	1.240909e+03
1.600000e-06	8.163586e-06	1.893306e-08	5.750826e+01	1.240819e+03
1.610000e-06	8.177573e-06	1.894483e-08	5.760679e+01	1.240877e+03
1.620000e-06	8.188352e-06	1.895415e-08	5.768272e+01	1.241159e+03
1.630000e-06	8.195998e-06	1.895618e-08	5.773658e+01	1.241553e+03
1.640000e-06	8.200845e-06	1.895396e-08	5.777072e+01	1.241827e+03
1.650000e-06	8.202837e-06	1.895349e-08	5.778476e+01	1.241764e+03
1.660000e-06	8.201997e-06	1.894940e-08	5.777884e+01	1.241286e+03
1.670000e-06	8.198549e-06	1.893677e-08	5.775455e+01	1.240494e+03
1.680000e-06	8.192341e-06	1.892880e-08	5.771082e+01	1.239613e+03
1.690000e-06	8.183388e-06	1.892451e-08	5.764775e+01	1.238864e+03
1.700000e-06	8.171632e-06	1.891969e-08	5.756494e+01	1.238336e+03
1.710000e-06	8.156957e-06	1.891679e-08	5.746156e+01	1.237936e+03
1.720000e-06	8.139713e-06	1.892145e-08	5.734008e+01	1.237443e+03
1.730000e-06	8.120118e-06	1.890733e-08	5.720205e+01	1.236629e+03
1.740000e-06	8.097725e-06	1.878711e-08	5.704430e+01	1.235396e+03
1.750000e-06	8.071698e-06	1.876357e-08	5.686095e+01	1.233829e+03
1.760000e-06	8.041761e-06	1.879863e-08	5.665006e+01	1.232157e+03
1.770000e-06	8.008662e-06	1.877232e-08	5.641690e+01	1.230630e+03
1.780000e-06	7.973258e-06	1.873940e-08	5.616749e+01	1.229373e+03
1.790000e-06	7.935518e-06	1.881453e-08	5.590163e+01	1.228321e+03
1.800000e-06	7.895651e-06	1.875770e-08	5.562079e+01	1.227249e+03
1.810000e-06	7.853724e-06	1.866816e-08	5.532543e+01	1.225889e+03
1.820000e-06	7.808936e-06	1.876109e-08	5.500993e+01	1.224080e+03
1.830000e-06	7.761287e-06	1.862045e-08	5.467426e+01	1.221856e+03
1.840000e-06	7.710673e-06	1.867501e-08	5.431772e+01	1.219425e+03
1.850000e-06	7.656804e-06	1.862801e-08	5.393824e+01	1.217053e+03
1.860000e-06	7.600217e-06	1.855246e-08	5.353961e+01	1.214913e+03
1.870000e-06	7.540916e-06	1.862711e-08	5.312186e+01	1.212987e+03
1.880000e-06	7.478939e-06	1.848084e-08	5.268527e+01	1.211060e+03
1.890000e-06	7.414243e-06	1.853082e-08	5.222952e+01	1.208843e+03
1.900000e-06	7.346616e-06	1.844719e-08	5.175312e+01	1.206118e+03
1.910000e-06	7.276230e-06	1.840893e-08	5.125729e+01	1.202869e+03
1.920000e-06	7.203106e-06	1.838364e-08	5.074217e+01	1.199287e+03
1.930000e-06	7.127325e-06	1.827925e-08	5.020833e+01	1.195674e+03
1.940000e-06	7.048775e-06	1.830768e-08	4.965498e+01	1.192277e+03
1.950000e-06	6.967690e-06	1.817374e-08	4.908378e+01	1.189156e+03
1.960000e-06	6.884187e-06	1.817357e-08	4.849555e+01	1.186147e+03
1.970000e-06	6.798061e-06	1.808919e-08	4.788883e+01	1.182953e+03
1.980000e-06	6.709468e-06	1.802941e-08	4.726474e+01	1.179307e+03
1.990000e-06	6.618422e-06	1.800159e-08	4.662337e+01	1.175121e+03
2.000000e-06	6.525133e-06	1.789831e-08	4.596620e+01	1.170538e+03
2.010000e-06	6.429633e-06	1.786082e-08	4.529345e+01	1.165857e+03
2.020000e-06	6.331837e-06	1.774846e-08	4.460453e+01	1.161365e+03
2.030000e-06	6.231734e-06	1.772145e-08	4.389935e+01	1.157171e+03
2.040000e-06	6.129362e-06	1.763268e-08	4.317819e+01	1.153140e+03
2.050000e-06	6.024789e-06	1.758810e-08	4.244153e+01	1.148953e+03
2.060000e-06	5.918007e-06	1.751033e-08	4.168931e+01	1.144280e+03
2.070000e-06	5.809171e-06	1.742283e-08	4.092261e+01	1.138962e+03
2.080000e-06	5.698263e-06	1.734008e-08	4.014132e+01	1.133108e+03
2.090000e-06	5.585191e-06	1.722888e-08	3.934479e+01	1.127044e+03
2.100000e-06	5.469893e-06	1.715437e-08	3.853258e+01	1.121143e+03
2.110000e-06	5.352514e-06	1.706125e-08	3.770570e+01	1.115616e+03
2.120000e-06	5.233101e-06	1.700123e-08	3.686450e+01	1.110388e+03
2.130000e-06	5.111747e-06	1.690625e-08	3.600962e+01	1.105118e+03
2.140000e-06	4.988512e-06	1.681440e-08	3.514150e+01	1.099375e+03
2.150000e-06	4.863500e-06	1.669586e-08	3.426085e+01	1.092863e+03
2.160000e-06	4.736804e-06	1.659061e-08	3.336834e+01	1.085581e+03
2.170000e-06	4.608375e-06	1.648511e-08	3.246362e+01	1.077833e+03
2.180000e-06	4.478338e-06	1.638102e-08	3.154758e+01	1.070065e+03
2.190000e-06	4.346679e-06	1.627255e-08	3.062011e+01	1.062627e+03
2.200000e-06	4.213502e-06	1.615867e-08	2.968195e+01	1.055572e+03
2.210000e-06	4.078898e-06	1.604014e-08	2.873373e+01	1.048618e+03
2.220000e-06	3.942767e-06	1.590953e-08	2.777476e+01	1.041285e+03
2.230000e-06	3.805038e-06	1.578201e-08	2.680453e+01	1.033154e+03
2.240000e-06	3.665892e-06	1.565406e-08	2.582432e+01	1.024094e+03
2.250000e-06	3.525481e-06	1.552880e-08	2.483520e+01	1.014340e+03
2.260000e-06	3.383842e-06	1.538991e-08	2.383742e+01	1.004370e+03
2.270000e-06	3.240910e-06	1.524039e-08	2.283054e+01	9.946445e+02
2.280000e-06	3.096684e-06	1.508119e-08	2.181454e+01	9.853339e+02
2.290000e-06	2.951321e-06	1.492594e-08	2.079053e+01	9.762066e+02
2.300000e-06	2.804891e-06	1.476912e-08	1.975901e+01	9.667285e+02
2.310000e-06	2.657430e-06	1.461449e-08	1.872022e+01	9.563388e+02
2.320000e-06	2.509063e-06	1.444826e-08	1.767505e+01	9.447547e+02
2.330000e-06	2.359932e-06	1.427444e-08	1.662451e+01	9.321340e+02
2.340000e-06	2.210030e-06	1.408842e-08	1.556852e+01	9.189981e+02
2.350000e-06	2.059303e-06	1.389299e-08	1.450673e+01	9.059411e+02
2.360000e-06	1.907807e-06	1.368994e-08	1.343952e+01	8.932786e+02
2.370000e-06	1.755691e-06	1.348360e-08	1.236794e+01	8.808294e+02
2.380000e-06	1.602985e-06	1.327534e-08	1.129220e+01	8.679640e+02
2.390000e-06	1.449629e-06	1.305710e-08	1.021189e+01	8.539135e+02
2.400000e-06	1.295623e-06	1.282446e-08	9.126995e+00	8.381808e+02
2.410000e-06	1.141099e-06	1.257482e-08	8.038457e+00	8.208278e+02
2.420000e-06	9.861864e-07	1.231870e-08	6.947174e+00	8.024567e+02
2.430000e-06	8.309470e-07	1.205087e-08	5.853594e+00	7.838655e+02
2.440000e-06	6.754691e-07	1.176931e-08	4.758331e+00	7.655394e+02
2.450000e-06	5.197826e-07	1.146901e-08	3.661600e+00	7.472538e+02
2.460000e-06	3.638673e-07	1.114858e-08	2.563257e+00	7.280355e+02
2.470000e-06	2.078546e-07	1.080365e-08	1.464229e+00	7.065516e+02
2.480000e-06	5.183036e-08	1.043144e-08	3.651182e-01	6.817559e+02
2.490000e-06	-1.041793e-07	1.003157e-08	-7.338896e-01	6.534389e+02
2.500000e-06	-2.601306e-07	9.596791e-09	-1.832486e+00	6.223108e+02
2.510000e-06	-4.160251e-07	9.122426e-09	-2.930682e+00	5.894352e+02
2.520000e-06	-5.717949e-07	8.590835e-09	-4.028000e+00	5.551485e+02
2.530000e-06	-7.273481e-07	7.977410e-09	-5.123792e+00	5.179162e+02
2.540000e-06	-8.826272e-07	7.254544e-09	-6.217653e+00	4.737187e+02
2.550000e-06	-1.037587e-06	6.380969e-09	-7.309264e+00	4.164372e+02
2.560000e-06	-1.192155e-06	5.278698e-09	-8.398117e+00	3.393445e+02
2.570000e-06	-1.346262e-06	3.811218e-09	-9.483723e+00	2.373301e+02
2.580000e-06	-1.499782e-06	1.845666e-09	-1.056519e+01	1.091150e+02
2.590000e-06	-1.652623e-06	-5.234485e-10	-1.164188e+01	-4.139720e+01
2.600000e-06	-1.804859e-06	-3.040157e-09	-1.271430e+01	-2.052421e+02
2.610000e-06	-1.956482e-06	-5.572719e-09	-1.378241e+01	-3.700945e+02
2.620000e-06	-2.107346e-06	-8.034362e-09	-1.484517e+01	-5.230703e+02
2.630000e-06	-2.257429e-06	-1.015271e-08	-1.590242e+01	-6.537371e+02
2.640000e-06	-2.406698e-06	-1.168836e-08	-1.695394e+01	-7.563589e+02
2.650000e-06	-2.555142e-06	-1.272960e-08	-1.799966e+01	-8.306815e+02
2.660000e-06	-2.702807e-06	-1.347388e-08	-1.903988e+01	-8.811082e+02
2.670000e-06	-2.849570e-06	-1.403279e-08	-2.007375e+01	-9.146853e+02
2.680000e-06	-2.995205e-06	-1.446551e-08	-2.109967e+01	-9.386944e+02
2.690000e-06	-3.139661e-06	-1.481108e-08	-2.211729e+01	-9.587024e+02
2.700000e-06	-3.282954e-06	-1.509903e-08	-2.312672e+01	-9.776397e+02
2.710000e-06	-3.424997e-06	-1.534758e-08	-2.412734e+01	-9.960159e+02
2.720000e-06	-3.565781e-06	-1.556537e-08	-2.511909e+01	-1.012937e+03
2.730000e-06	-3.705291e-06	-1.575879e-08	-2.610186e+01	-1.027339e+03
2.740000e-06	-3.843329e-06	-1.593650e-08	-2.707427e+01	-1.038879e+03
2.750000e-06	-3.979803e-06	-1.610478e-08	-2.803566e+01	-1.048177e+03
2.760000e-06	-4.114835e-06	-1.626185e-08	-2.898689e+01	-1.056459e+03
2.770000e-06	-4.248414e-06	-1.640490e-08	-2.992789e+01	-1.064903e+03
2.780000e-06	-4.380510e-06	-1.653413e-08	-3.085843e+01	-1.074078e+03
2.790000e-06	-4.511085e-06	-1.665509e-08	-3.177827e+01	-1.083769e+03
2.800000e-06	-4.640052e-06	-1.677405e-08	-3.268677e+01	-1.093224e+03
2.810000e-06	-4.767328e-06	-1.689007e-08	-3.358337e+01	-1.101644e+03
2.820000e-06	-4.892904e-06	-1.699766e-08	-3.446798e+01	-1.108646e+03
2.830000e-06	-5.016783e-06	-1.709872e-08	-3.534065e+01	-1.114448e+03
2.840000e-06	-5.138876e-06	-1.719739e-08	-3.620073e+01	-1.119725e+03
2.850000e-06	-5.259089e-06	-1.729167e-08	-3.704757e+01	-1.125218e+03
2.860000e-06	-5.377307e-06	-1.737878e-08	-3.788036e+01	-1.131350e+03
2.870000e-06	-5.493423e-06	-1.746128e-08	-3.869833e+01	-1.138029e+03
2.880000e-06	-5.607304e-06	-1.754316e-08	-3.950056e+01	-1.144743e+03
2.890000e-06	-5.718921e-06	-1.762422e-08	-4.028685e+01	-1.150869e+03
2.900000e-06	-5.828377e-06	-1.770170e-08	-4.105791e+01	-1.156016e+03
2.910000e-06	-5.935803e-06	-1.777388e-08	-4.181467e+01	-1.160227e+03
2.920000e-06	-6.041245e-06	-1.784365e-08	-4.255746e+01	-1.163932e+03
2.930000e-06	-6.144532e-06	-1.791337e-08	-4.328506e+01	-1.167704e+03
2.940000e-06	-6.245564e-06	-1.798070e-08	-4.399678e+01	-1.171946e+03
2.950000e-06	-6.344393e-06	-1.804120e-08	-4.469298e+01	-1.176688e+03
2.960000e-06	-6.441043e-06	-1.809639e-08	-4.537383e+01	-1.181589e+03
2.970000e-06	-6.535454e-06	-1.815107e-08	-4.603891e+01	-1.186140e+03
2.980000e-06	-6.627516e-06	-1.820477e-08	-4.668743e+01	-1.189944e+03
2.990000e-06	-6.717277e-06	-1.825478e-08	-4.731976e+01	-1.192923e+03
3.000000e-06	-6.804724e-06	-1.830016e-08	-4.793577e+01	-1.195353e+03
3.010000e-06	-6.889748e-06	-1.834471e-08	-4.853473e+01	-1.197700e+03
3.020000e-06	-6.972313e-06	-1.839073e-08	-4.911635e+01	-1.200377e+03
3.030000e-06	-7.052336e-06	-1.843515e-08	-4.968007e+01	-1.203528e+03
3.040000e-06	-7.129691e-06	-1.847386e-08	-5.022499e+01	-1.206969e+03
3.050000e-06	-7.204294e-06	-1.850766e-08	-5.075054e+01	-1.210304e+03
3.060000e-06	-7.276231e-06	-1.853967e-08	-5.125730e+01	-1.213142e+03
3.070000e-06	-7.345480e-06	-1.856967e-08	-5.174512e+01	-1.215308e+03
3.080000e-06	-7.412111e-06	-1.859881e-08	-5.221450e+01	-1.216921e+03
3.090000e-06	-7.476209e-06	-1.862737e-08	-5.266604e+01	-1.218319e+03
3.100000e-06	-7.537636e-06	-1.865499e-08	-5.309876e+01	-1.219873e+03
3.110000e-06	-7.596320e-06	-1.868020e-08	-5.351216e+01	-1.221786e+03
3.120000e-06	-7.652264e-06	-1.870222e-08	-5.390626e+01	-1.224000e+03
3.130000e-06	-7.705341e-06	-1.872145e-08	-5.428015e+01	-1.226240e+03
3.140000e-06	-7.755330e-06	-1.873956e-08	-5.463230e+01	-1.228176e+03
3.150000e-06	-7.802207e-06	-1.875801e-08	-5.496253e+01	-1.229602e+03
3.160000e-06	-7.846389e-06	-1.877517e-08	-5.527376e+01	-1.230541e+03
3.170000e-06	-7.888130e-06	-1.879096e-08	-5.556781e+01	-1.231223e+03
3.180000e-06	-7.927179e-06	-1.880508e-08	-5.584289e+01	-1.231948e+03
3.190000e-06	-7.963361e-06	-1.881850e-08	-5.609777e+01	-1.232921e+03
3.200000e-06	-7.996755e-06	-1.882861e-08	-5.633302e+01	-1.234142e+03
3.210000e-06	-8.027237e-06	-1.883487e-08	-5.654775e+01	-1.235419e+03
3.220000e-06	-8.054734e-06	-1.883987e-08	-5.674145e+01	-1.236476e+03
3.230000e-06	-8.079501e-06	-1.884580e-08	-5.691592e+01	-1.237116e+03
3.240000e-06	-8.101440e-06	-1.885102e-08	-5.707047e+01	-1.237322e+03
3.250000e-06	-8.120470e-06	-1.885439e-08	-5.720453e+01	-1.237264e+03
3.260000e-06	-8.136672e-06	-1.885625e-08	-5.731866e+01	-1.237195e+03
3.270000e-06	-8.149740e-06	-1.885691e-08	-5.741072e+01	-1.237312e+03
3.280000e-06	-8.159675e-06	-1.885565e-08	-5.748071e+01	-1.237640e+03
3.290000e-06	-8.166714e-06	-1.884900e-08	-5.753029e+01	-1.238029e+03
3.300000e-06	-8.170827e-06	-1.883912e-08	-5.755926e+01	-1.238237e+03
3.310000e-06	-8.172143e-06	-1.882568e-08	-5.756853e+01	-1.238072e+03
