# Temperatura_=_64.35
# Concentracion g/m^3_=_33330.0
# C_Vs_to_Am_M_A/Vsm_=_65563218390.804596
# pendiente_HvsI_1/m_=_3716.3
# ordenada_HvsI_A/m_=_1297.0
# frecuencia_Hz_=_301688.3195461111

Tiempo_(s)	Campo_(V.s)	Magnetizacion_(V.s)	Campo_(kA/m)	Magnetizacion_(A/m)
0.000000e+00	-8.175500e-06	-1.835138e-08	-5.756450e+01	-1.206818e+03
1.000000e-08	-8.172650e-06	-1.835118e-08	-5.754443e+01	-1.206169e+03
2.000000e-08	-8.167106e-06	-1.834430e-08	-5.750539e+01	-1.205215e+03
3.000000e-08	-8.159008e-06	-1.833404e-08	-5.744837e+01	-1.204244e+03
4.000000e-08	-8.148100e-06	-1.832311e-08	-5.737157e+01	-1.203485e+03
5.000000e-08	-8.134194e-06	-1.831034e-08	-5.727366e+01	-1.202987e+03
6.000000e-08	-8.117314e-06	-1.829269e-08	-5.715480e+01	-1.202598e+03
7.000000e-08	-8.097824e-06	-1.826388e-08	-5.701757e+01	-1.202062e+03
8.000000e-08	-8.075973e-06	-1.827000e-08	-5.686371e+01	-1.201167e+03
9.000000e-08	-8.051191e-06	-1.831760e-08	-5.668922e+01	-1.199873e+03
1.000000e-07	-8.023082e-06	-1.829568e-08	-5.649130e+01	-1.198330e+03
1.100000e-07	-7.991876e-06	-1.824007e-08	-5.627158e+01	-1.196795e+03
1.200000e-07	-7.957794e-06	-1.821310e-08	-5.603161e+01	-1.195478e+03
1.300000e-07	-7.921030e-06	-1.819869e-08	-5.577275e+01	-1.194420e+03
1.400000e-07	-7.881889e-06	-1.814188e-08	-5.549715e+01	-1.193462e+03
1.500000e-07	-7.840332e-06	-1.808345e-08	-5.520455e+01	-1.192327e+03
1.600000e-07	-7.796053e-06	-1.811764e-08	-5.489277e+01	-1.190781e+03
1.700000e-07	-7.749009e-06	-1.805556e-08	-5.456153e+01	-1.188760e+03
1.800000e-07	-7.699228e-06	-1.805753e-08	-5.421102e+01	-1.186418e+03
1.900000e-07	-7.646420e-06	-1.805362e-08	-5.383919e+01	-1.184040e+03
2.000000e-07	-7.590629e-06	-1.796022e-08	-5.344636e+01	-1.181885e+03
2.100000e-07	-7.532036e-06	-1.796043e-08	-5.303380e+01	-1.180036e+03
2.200000e-07	-7.470804e-06	-1.791236e-08	-5.260266e+01	-1.178344e+03
2.300000e-07	-7.407006e-06	-1.789610e-08	-5.215345e+01	-1.176499e+03
2.400000e-07	-7.340371e-06	-1.784801e-08	-5.168427e+01	-1.174199e+03
2.500000e-07	-7.270992e-06	-1.779138e-08	-5.119576e+01	-1.171314e+03
2.600000e-07	-7.198915e-06	-1.775549e-08	-5.068826e+01	-1.167966e+03
2.700000e-07	-7.124041e-06	-1.770547e-08	-5.016107e+01	-1.164472e+03
2.800000e-07	-7.046319e-06	-1.767801e-08	-4.961382e+01	-1.161177e+03
2.900000e-07	-6.965733e-06	-1.760446e-08	-4.904641e+01	-1.158260e+03
3.000000e-07	-6.882625e-06	-1.757485e-08	-4.846124e+01	-1.155638e+03
3.100000e-07	-6.797314e-06	-1.754232e-08	-4.786055e+01	-1.152996e+03
3.200000e-07	-6.709767e-06	-1.748286e-08	-4.724413e+01	-1.149955e+03
3.300000e-07	-6.619795e-06	-1.741820e-08	-4.661063e+01	-1.146276e+03
3.400000e-07	-6.527394e-06	-1.734239e-08	-4.596002e+01	-1.141994e+03
3.500000e-07	-6.432689e-06	-1.730170e-08	-4.529319e+01	-1.137407e+03
3.600000e-07	-6.335687e-06	-1.725643e-08	-4.461019e+01	-1.132917e+03
3.700000e-07	-6.236354e-06	-1.719593e-08	-4.391078e+01	-1.128814e+03
3.800000e-07	-6.134768e-06	-1.711669e-08	-4.319550e+01	-1.125112e+03
3.900000e-07	-6.030960e-06	-1.704958e-08	-4.246458e+01	-1.121526e+03
4.000000e-07	-5.924954e-06	-1.698741e-08	-4.171818e+01	-1.117623e+03
4.100000e-07	-5.816829e-06	-1.690866e-08	-4.095686e+01	-1.113049e+03
4.200000e-07	-5.706600e-06	-1.683019e-08	-4.018073e+01	-1.107721e+03
4.300000e-07	-5.594193e-06	-1.675353e-08	-3.938926e+01	-1.101884e+03
4.400000e-07	-5.479571e-06	-1.668887e-08	-3.858219e+01	-1.095988e+03
4.500000e-07	-5.362824e-06	-1.661345e-08	-3.776017e+01	-1.090445e+03
4.600000e-07	-5.244109e-06	-1.652311e-08	-3.692429e+01	-1.085408e+03
4.700000e-07	-5.123491e-06	-1.642907e-08	-3.607500e+01	-1.080673e+03
4.800000e-07	-5.001012e-06	-1.634625e-08	-3.521261e+01	-1.075779e+03
4.900000e-07	-4.876754e-06	-1.627025e-08	-3.433770e+01	-1.070239e+03
5.000000e-07	-4.750710e-06	-1.617837e-08	-3.345021e+01	-1.063802e+03
5.100000e-07	-4.622930e-06	-1.606973e-08	-3.255050e+01	-1.056580e+03
5.200000e-07	-4.493462e-06	-1.595940e-08	-3.163890e+01	-1.048997e+03
5.300000e-07	-4.362381e-06	-1.585828e-08	-3.071595e+01	-1.041557e+03
5.400000e-07	-4.229731e-06	-1.575287e-08	-2.978195e+01	-1.034572e+03
5.500000e-07	-4.095564e-06	-1.563493e-08	-2.883727e+01	-1.027984e+03
5.600000e-07	-3.959884e-06	-1.551887e-08	-2.788193e+01	-1.021391e+03
5.700000e-07	-3.822704e-06	-1.541093e-08	-2.691603e+01	-1.014258e+03
5.800000e-07	-3.684108e-06	-1.529731e-08	-2.594016e+01	-1.006206e+03
5.900000e-07	-3.544064e-06	-1.516176e-08	-2.495410e+01	-9.972202e+02
6.000000e-07	-3.402552e-06	-1.501638e-08	-2.395770e+01	-9.876621e+02
6.100000e-07	-3.259661e-06	-1.487970e-08	-2.295159e+01	-9.780697e+02
6.200000e-07	-3.115583e-06	-1.475024e-08	-2.193712e+01	-9.688526e+02
6.300000e-07	-2.970364e-06	-1.461245e-08	-2.091462e+01	-9.600468e+02
6.400000e-07	-2.823966e-06	-1.445718e-08	-1.988382e+01	-9.512700e+02
6.500000e-07	-2.676531e-06	-1.429903e-08	-1.884572e+01	-9.419105e+02
6.600000e-07	-2.528300e-06	-1.414035e-08	-1.780201e+01	-9.314544e+02
6.700000e-07	-2.379347e-06	-1.397246e-08	-1.675322e+01	-9.197721e+02
6.800000e-07	-2.229548e-06	-1.379014e-08	-1.569847e+01	-9.072015e+02
6.900000e-07	-2.078871e-06	-1.360576e-08	-1.463753e+01	-8.943676e+02
7.000000e-07	-1.927480e-06	-1.342442e-08	-1.357157e+01	-8.818253e+02
7.100000e-07	-1.775527e-06	-1.323750e-08	-1.250166e+01	-8.697179e+02
7.200000e-07	-1.622947e-06	-1.303267e-08	-1.142733e+01	-8.576457e+02
7.300000e-07	-1.469672e-06	-1.280855e-08	-1.034810e+01	-8.448372e+02
7.400000e-07	-1.315790e-06	-1.258100e-08	-9.264604e+00	-8.305457e+02
7.500000e-07	-1.161417e-06	-1.235115e-08	-8.177651e+00	-8.144626e+02
7.600000e-07	-1.006657e-06	-1.211055e-08	-7.087967e+00	-7.969089e+02
7.700000e-07	-8.515241e-07	-1.185014e-08	-5.995664e+00	-7.786702e+02
7.800000e-07	-6.960750e-07	-1.157603e-08	-4.901132e+00	-7.605329e+02
7.900000e-07	-5.404034e-07	-1.129275e-08	-3.805033e+00	-7.427569e+02
8.000000e-07	-3.845899e-07	-1.099323e-08	-2.707935e+00	-7.247827e+02
8.100000e-07	-2.286807e-07	-1.066630e-08	-1.610163e+00	-7.053744e+02
8.200000e-07	-7.266064e-08	-1.031282e-08	-5.116106e-01	-6.831705e+02
8.300000e-07	8.341481e-08	-9.940036e-09	5.873318e-01	-6.573711e+02
8.400000e-07	2.394610e-07	-9.537021e-09	1.686068e+00	-6.281590e+02
8.500000e-07	3.953969e-07	-9.085604e-09	2.784028e+00	-5.965230e+02
8.600000e-07	5.512118e-07	-8.574674e-09	3.881136e+00	-5.634215e+02
8.700000e-07	7.068608e-07	-8.001316e-09	4.977076e+00	-5.285746e+02
8.800000e-07	8.622613e-07	-7.348406e-09	6.071266e+00	-4.894421e+02
8.900000e-07	1.017337e-06	-6.573398e-09	7.163171e+00	-4.409842e+02
9.000000e-07	1.172088e-06	-5.605276e-09	8.252789e+00	-3.765522e+02
9.100000e-07	1.326473e-06	-4.346869e-09	9.339826e+00	-2.898063e+02
9.200000e-07	1.480331e-06	-2.659122e-09	1.042316e+01	-1.770850e+02
9.300000e-07	1.633573e-06	-5.085786e-10	1.150214e+01	-3.936639e+01
9.400000e-07	1.786204e-06	1.871458e-09	1.257683e+01	1.169854e+02
9.500000e-07	1.938201e-06	4.272014e-09	1.364706e+01	2.811053e+02
9.600000e-07	2.089537e-06	6.671998e-09	1.471263e+01	4.399705e+02
9.700000e-07	2.240245e-06	8.895901e-09	1.577378e+01	5.814805e+02
9.800000e-07	2.390238e-06	1.063004e-08	1.682990e+01	6.972651e+02
9.900000e-07	2.539258e-06	1.183542e-08	1.787916e+01	7.843098e+02
1.000000e-06	2.687235e-06	1.268313e-08	1.892108e+01	8.449338e+02
1.010000e-06	2.834230e-06	1.330372e-08	1.995609e+01	8.852572e+02
1.020000e-06	2.980262e-06	1.377579e-08	2.098432e+01	9.128196e+02
1.030000e-06	3.125200e-06	1.415274e-08	2.200484e+01	9.342488e+02
1.040000e-06	3.268972e-06	1.446846e-08	2.301715e+01	9.537523e+02
1.050000e-06	3.411631e-06	1.473810e-08	2.402163e+01	9.727985e+02
1.060000e-06	3.552971e-06	1.497185e-08	2.501681e+01	9.908512e+02
1.070000e-06	3.692887e-06	1.517825e-08	2.600198e+01	1.006640e+03
1.080000e-06	3.831434e-06	1.536525e-08	2.697750e+01	1.019328e+03
1.090000e-06	3.968524e-06	1.553592e-08	2.794277e+01	1.029113e+03
1.100000e-06	4.104103e-06	1.568750e-08	2.889739e+01	1.037111e+03
1.110000e-06	4.238216e-06	1.582694e-08	2.984169e+01	1.044749e+03
1.120000e-06	4.370785e-06	1.596238e-08	3.077513e+01	1.053053e+03
1.130000e-06	4.501811e-06	1.609384e-08	3.169769e+01	1.062227e+03
1.140000e-06	4.631238e-06	1.621780e-08	3.260900e+01	1.071695e+03
1.150000e-06	4.759001e-06	1.633051e-08	3.350859e+01	1.080534e+03
1.160000e-06	4.885146e-06	1.643997e-08	3.439679e+01	1.088025e+03
1.170000e-06	5.009592e-06	1.654834e-08	3.527303e+01	1.094033e+03
1.180000e-06	5.132232e-06	1.664998e-08	3.613655e+01	1.099042e+03
1.190000e-06	5.252960e-06	1.674090e-08	3.698660e+01	1.103850e+03
1.200000e-06	5.371792e-06	1.682652e-08	3.782331e+01	1.109135e+03
1.210000e-06	5.488660e-06	1.691311e-08	3.864619e+01	1.115118e+03
1.220000e-06	5.603412e-06	1.699935e-08	3.945417e+01	1.121494e+03
1.230000e-06	5.716019e-06	1.708057e-08	4.024705e+01	1.127651e+03
1.240000e-06	5.826551e-06	1.715565e-08	4.102531e+01	1.133027e+03
1.250000e-06	5.935066e-06	1.723046e-08	4.178938e+01	1.137413e+03
1.260000e-06	6.041447e-06	1.730417e-08	4.253842e+01	1.141044e+03
1.270000e-06	6.145613e-06	1.737230e-08	4.327186e+01	1.144438e+03
1.280000e-06	6.247588e-06	1.743370e-08	4.398988e+01	1.148103e+03
1.290000e-06	6.347321e-06	1.749151e-08	4.469210e+01	1.152259e+03
1.300000e-06	6.444659e-06	1.754874e-08	4.537747e+01	1.156735e+03
1.310000e-06	6.539669e-06	1.760603e-08	4.604645e+01	1.161094e+03
1.320000e-06	6.632481e-06	1.766051e-08	4.669995e+01	1.164883e+03
1.330000e-06	6.722953e-06	1.771107e-08	4.733697e+01	1.167893e+03
1.340000e-06	6.811026e-06	1.776145e-08	4.795710e+01	1.170269e+03
1.350000e-06	6.896786e-06	1.781080e-08	4.856095e+01	1.172421e+03
1.360000e-06	6.980221e-06	1.785553e-08	4.914842e+01	1.174793e+03
1.370000e-06	7.061170e-06	1.789465e-08	4.971838e+01	1.177627e+03
1.380000e-06	7.139490e-06	1.793406e-08	5.026984e+01	1.180830e+03
1.390000e-06	7.215076e-06	1.797749e-08	5.080206e+01	1.184044e+03
1.400000e-06	7.287910e-06	1.802060e-08	5.131489e+01	1.186843e+03
1.410000e-06	7.358131e-06	1.805800e-08	5.180932e+01	1.188972e+03
1.420000e-06	7.425771e-06	1.809156e-08	5.228558e+01	1.190485e+03
1.430000e-06	7.490725e-06	1.812584e-08	5.274293e+01	1.191706e+03
1.440000e-06	7.553043e-06	1.815884e-08	5.318172e+01	1.193054e+03
1.450000e-06	7.612807e-06	1.818796e-08	5.360252e+01	1.194814e+03
1.460000e-06	7.669891e-06	1.821457e-08	5.400445e+01	1.196985e+03
1.470000e-06	7.724147e-06	1.824293e-08	5.438647e+01	1.199286e+03
1.480000e-06	7.775321e-06	1.827221e-08	5.474680e+01	1.201315e+03
1.490000e-06	7.823379e-06	1.829736e-08	5.508517e+01	1.202768e+03
1.500000e-06	7.868669e-06	1.831730e-08	5.540406e+01	1.203598e+03
1.510000e-06	7.911240e-06	1.833703e-08	5.570381e+01	1.204042e+03
1.520000e-06	7.950950e-06	1.835998e-08	5.598342e+01	1.204488e+03
1.530000e-06	7.987896e-06	1.838126e-08	5.624356e+01	1.205263e+03
1.540000e-06	8.022037e-06	1.839610e-08	5.648395e+01	1.206465e+03
1.550000e-06	8.053329e-06	1.840894e-08	5.670428e+01	1.207908e+03
1.560000e-06	8.081819e-06	1.842430e-08	5.690488e+01	1.209233e+03
1.570000e-06	8.107359e-06	1.843976e-08	5.708471e+01	1.210094e+03
1.580000e-06	8.130000e-06	1.845081e-08	5.724413e+01	1.210344e+03
1.590000e-06	8.149916e-06	1.845769e-08	5.738436e+01	1.210107e+03
1.600000e-06	8.166959e-06	1.846429e-08	5.750436e+01	1.209704e+03
1.610000e-06	8.180981e-06	1.847181e-08	5.760309e+01	1.209476e+03
1.620000e-06	8.191873e-06	1.847753e-08	5.767978e+01	1.209611e+03
1.630000e-06	8.199699e-06	1.847885e-08	5.773488e+01	1.210047e+03
1.640000e-06	8.204705e-06	1.847920e-08	5.777013e+01	1.210517e+03
1.650000e-06	8.206783e-06	1.848170e-08	5.778476e+01	1.210704e+03
1.660000e-06	8.205989e-06	1.848103e-08	5.777917e+01	1.210412e+03
1.670000e-06	8.202575e-06	1.847318e-08	5.775513e+01	1.209662e+03
1.680000e-06	8.196363e-06	1.846555e-08	5.771139e+01	1.208676e+03
1.690000e-06	8.187333e-06	1.845906e-08	5.764781e+01	1.207741e+03
1.700000e-06	8.175528e-06	1.845218e-08	5.756469e+01	1.207050e+03
1.710000e-06	8.160887e-06	1.844686e-08	5.746160e+01	1.206599e+03
1.720000e-06	8.143695e-06	1.844700e-08	5.734055e+01	1.206197e+03
1.730000e-06	8.124121e-06	1.842656e-08	5.720273e+01	1.205585e+03
1.740000e-06	8.101713e-06	1.833647e-08	5.704496e+01	1.204586e+03
1.750000e-06	8.075671e-06	1.831581e-08	5.686159e+01	1.203208e+03
1.760000e-06	8.045754e-06	1.834002e-08	5.665094e+01	1.201641e+03
1.770000e-06	8.012692e-06	1.832372e-08	5.641814e+01	1.200145e+03
1.780000e-06	7.977273e-06	1.830081e-08	5.616876e+01	1.198897e+03
1.790000e-06	7.939565e-06	1.834321e-08	5.590326e+01	1.197884e+03
1.800000e-06	7.899737e-06	1.829847e-08	5.562282e+01	1.196908e+03
1.810000e-06	7.857769e-06	1.822904e-08	5.532732e+01	1.195686e+03
1.820000e-06	7.813005e-06	1.827436e-08	5.501213e+01	1.194018e+03
1.830000e-06	7.765416e-06	1.819674e-08	5.467706e+01	1.191894e+03
1.840000e-06	7.714831e-06	1.822045e-08	5.432088e+01	1.189514e+03
1.850000e-06	7.660962e-06	1.817429e-08	5.394158e+01	1.187171e+03
1.860000e-06	7.604334e-06	1.812006e-08	5.354286e+01	1.185092e+03
1.870000e-06	7.544971e-06	1.814496e-08	5.312488e+01	1.183304e+03
1.880000e-06	7.482924e-06	1.804658e-08	5.268800e+01	1.181605e+03
1.890000e-06	7.418168e-06	1.806155e-08	5.223205e+01	1.179670e+03
1.900000e-06	7.350507e-06	1.799534e-08	5.175563e+01	1.177226e+03
1.910000e-06	7.280084e-06	1.796808e-08	5.125978e+01	1.174202e+03
1.920000e-06	7.206888e-06	1.793716e-08	5.074440e+01	1.170783e+03
1.930000e-06	7.131025e-06	1.785861e-08	5.021024e+01	1.167309e+03
1.940000e-06	7.052435e-06	1.786034e-08	4.965688e+01	1.164100e+03
1.950000e-06	6.971317e-06	1.776153e-08	4.908572e+01	1.161275e+03
1.960000e-06	6.887724e-06	1.773732e-08	4.849713e+01	1.158683e+03
1.970000e-06	6.801466e-06	1.766719e-08	4.788979e+01	1.155973e+03
1.980000e-06	6.712766e-06	1.762147e-08	4.726524e+01	1.152785e+03
1.990000e-06	6.621763e-06	1.758503e-08	4.662448e+01	1.148939e+03
2.000000e-06	6.528532e-06	1.750463e-08	4.596803e+01	1.144545e+03
2.010000e-06	6.432965e-06	1.745715e-08	4.529513e+01	1.139944e+03
2.020000e-06	6.335125e-06	1.736532e-08	4.460623e+01	1.135532e+03
2.030000e-06	6.235066e-06	1.732380e-08	4.390171e+01	1.131539e+03
2.040000e-06	6.132716e-06	1.724452e-08	4.318105e+01	1.127901e+03
2.050000e-06	6.028098e-06	1.719843e-08	4.244443e+01	1.124277e+03
2.060000e-06	5.921330e-06	1.713183e-08	4.169266e+01	1.120231e+03
2.070000e-06	5.812554e-06	1.706143e-08	4.092676e+01	1.115461e+03
2.080000e-06	5.701650e-06	1.698533e-08	4.014588e+01	1.109971e+03
2.090000e-06	5.588532e-06	1.688676e-08	3.934940e+01	1.104073e+03
2.100000e-06	5.473177e-06	1.680442e-08	3.853717e+01	1.098232e+03
2.110000e-06	5.355699e-06	1.671417e-08	3.771000e+01	1.092815e+03
2.120000e-06	5.236219e-06	1.664912e-08	3.686873e+01	1.087885e+03
2.130000e-06	5.114854e-06	1.656530e-08	3.601419e+01	1.083158e+03
2.140000e-06	4.991657e-06	1.648405e-08	3.514675e+01	1.078142e+03
2.150000e-06	4.866672e-06	1.638458e-08	3.426671e+01	1.072387e+03
2.160000e-06	4.739999e-06	1.628981e-08	3.337480e+01	1.065727e+03
2.170000e-06	4.611578e-06	1.618769e-08	3.247057e+01	1.058366e+03
2.180000e-06	4.481454e-06	1.608341e-08	3.155436e+01	1.050774e+03
2.190000e-06	4.349775e-06	1.597488e-08	3.062719e+01	1.043431e+03
2.200000e-06	4.216605e-06	1.586694e-08	2.968953e+01	1.036565e+03
2.210000e-06	4.081929e-06	1.575590e-08	2.874126e+01	1.030022e+03
2.220000e-06	3.945708e-06	1.563598e-08	2.778212e+01	1.023342e+03
2.230000e-06	3.807924e-06	1.551802e-08	2.681197e+01	1.016003e+03
2.240000e-06	3.668740e-06	1.540070e-08	2.583196e+01	1.007701e+03
2.250000e-06	3.528212e-06	1.528295e-08	2.484248e+01	9.985260e+02
2.260000e-06	3.386400e-06	1.515160e-08	2.384397e+01	9.889076e+02
2.270000e-06	3.243377e-06	1.500878e-08	2.283693e+01	9.793814e+02
2.280000e-06	3.099124e-06	1.485838e-08	2.182123e+01	9.702803e+02
2.290000e-06	2.953646e-06	1.471081e-08	2.079691e+01	9.615305e+02
2.300000e-06	2.807121e-06	1.456103e-08	1.976521e+01	9.526666e+02
2.310000e-06	2.659712e-06	1.441128e-08	1.872729e+01	9.430691e+02
2.320000e-06	2.511367e-06	1.425242e-08	1.768278e+01	9.322987e+02
2.330000e-06	2.362167e-06	1.408854e-08	1.663225e+01	9.203456e+02
2.340000e-06	2.212169e-06	1.391406e-08	1.557610e+01	9.076457e+02
2.350000e-06	2.061375e-06	1.372808e-08	1.451434e+01	8.948430e+02
2.360000e-06	1.909818e-06	1.353256e-08	1.344722e+01	8.824164e+02
2.370000e-06	1.757556e-06	1.333266e-08	1.237512e+01	8.703740e+02
2.380000e-06	1.604625e-06	1.313083e-08	1.129832e+01	8.581960e+02
2.390000e-06	1.451070e-06	1.292156e-08	1.021712e+01	8.450749e+02
2.400000e-06	1.296982e-06	1.270076e-08	9.132177e+00	8.303396e+02
2.410000e-06	1.142439e-06	1.246507e-08	8.044027e+00	8.138341e+02
2.420000e-06	9.875724e-07	1.221831e-08	6.953594e+00	7.960251e+02
2.430000e-06	8.324510e-07	1.195830e-08	5.861369e+00	7.777495e+02
2.440000e-06	6.770799e-07	1.168455e-08	4.767386e+00	7.597072e+02
2.450000e-06	5.214566e-07	1.139478e-08	3.671627e+00	7.419658e+02
2.460000e-06	3.656166e-07	1.108976e-08	2.574343e+00	7.237647e+02
2.470000e-06	2.096554e-07	1.076394e-08	1.476204e+00	7.037734e+02
2.480000e-06	5.359665e-08	1.041199e-08	3.773792e-01	6.807098e+02
2.490000e-06	-1.024571e-07	1.003089e-08	-7.214106e-01	6.539993e+02
2.500000e-06	-2.584287e-07	9.615852e-09	-1.819621e+00	6.240700e+02
2.510000e-06	-4.142748e-07	9.162418e-09	-2.916949e+00	5.920039e+02
2.520000e-06	-5.699373e-07	8.656098e-09	-4.012984e+00	5.585664e+02
2.530000e-06	-7.253591e-07	8.076233e-09	-5.107324e+00	5.229869e+02
2.540000e-06	-8.804876e-07	7.398874e-09	-6.199599e+00	4.820818e+02
2.550000e-06	-1.035334e-06	6.588407e-09	-7.289887e+00	4.302797e+02
2.560000e-06	-1.189841e-06	5.576417e-09	-8.377787e+00	3.607987e+02
2.570000e-06	-1.343953e-06	4.249100e-09	-9.462905e+00	2.677466e+02
2.580000e-06	-1.497665e-06	2.465938e-09	-1.054521e+01	1.484738e+02
2.590000e-06	-1.650762e-06	2.218703e-10	-1.162318e+01	5.295620e+00
2.600000e-06	-1.803094e-06	-2.265895e-09	-1.269576e+01	-1.541510e+02
2.610000e-06	-1.954716e-06	-4.799422e-09	-1.376335e+01	-3.181972e+02
2.620000e-06	-2.105647e-06	-7.279621e-09	-1.482607e+01	-4.737548e+02
2.630000e-06	-2.255827e-06	-9.469234e-09	-1.588350e+01	-6.094256e+02
2.640000e-06	-2.405198e-06	-1.111151e-08	-1.693524e+01	-7.180869e+02
2.650000e-06	-2.553729e-06	-1.223958e-08	-1.798106e+01	-7.981257e+02
2.660000e-06	-2.701395e-06	-1.303863e-08	-1.902079e+01	-8.530028e+02
2.670000e-06	-2.848180e-06	-1.363403e-08	-2.005432e+01	-8.894298e+02
2.680000e-06	-2.993982e-06	-1.409328e-08	-2.108092e+01	-9.149159e+02
2.690000e-06	-3.138643e-06	-1.445740e-08	-2.209949e+01	-9.355810e+02
2.700000e-06	-3.282065e-06	-1.476017e-08	-2.310934e+01	-9.549307e+02
2.710000e-06	-3.424238e-06	-1.502147e-08	-2.411040e+01	-9.738315e+02
2.720000e-06	-3.565083e-06	-1.524783e-08	-2.510210e+01	-9.914379e+02
2.730000e-06	-3.704556e-06	-1.544511e-08	-2.608414e+01	-1.006495e+03
2.740000e-06	-3.842705e-06	-1.562035e-08	-2.705686e+01	-1.018397e+03
2.750000e-06	-3.979411e-06	-1.578307e-08	-2.801942e+01	-1.027607e+03
2.760000e-06	-4.114586e-06	-1.593580e-08	-2.897120e+01	-1.035387e+03
2.770000e-06	-4.248282e-06	-1.607621e-08	-2.991257e+01	-1.043124e+03
2.780000e-06	-4.380437e-06	-1.620332e-08	-3.084309e+01	-1.051662e+03
2.790000e-06	-4.511065e-06	-1.632185e-08	-3.176285e+01	-1.060987e+03
2.800000e-06	-4.640150e-06	-1.643825e-08	-3.267175e+01	-1.070387e+03
2.810000e-06	-4.767552e-06	-1.654957e-08	-3.356880e+01	-1.078938e+03
2.820000e-06	-4.893246e-06	-1.665115e-08	-3.445383e+01	-1.086045e+03
2.830000e-06	-5.017196e-06	-1.674696e-08	-3.532657e+01	-1.091740e+03
2.840000e-06	-5.139367e-06	-1.684162e-08	-3.618678e+01	-1.096622e+03
2.850000e-06	-5.259700e-06	-1.693323e-08	-3.703406e+01	-1.101500e+03
2.860000e-06	-5.378009e-06	-1.701667e-08	-3.786709e+01	-1.106962e+03
2.870000e-06	-5.494128e-06	-1.709339e-08	-3.868469e+01	-1.113090e+03
2.880000e-06	-5.608040e-06	-1.716922e-08	-3.948676e+01	-1.119474e+03
2.890000e-06	-5.719722e-06	-1.724573e-08	-4.027312e+01	-1.125479e+03
2.900000e-06	-5.829252e-06	-1.732090e-08	-4.104433e+01	-1.130611e+03
2.910000e-06	-5.936785e-06	-1.739044e-08	-4.180149e+01	-1.134771e+03
2.920000e-06	-6.042360e-06	-1.745611e-08	-4.254484e+01	-1.138290e+03
2.930000e-06	-6.145820e-06	-1.752167e-08	-4.327332e+01	-1.141713e+03
2.940000e-06	-6.246967e-06	-1.758377e-08	-4.398550e+01	-1.145496e+03
2.950000e-06	-6.345858e-06	-1.763749e-08	-4.468181e+01	-1.149762e+03
2.960000e-06	-6.442602e-06	-1.768594e-08	-4.536299e+01	-1.154257e+03
2.970000e-06	-6.537095e-06	-1.773616e-08	-4.602833e+01	-1.158511e+03
2.980000e-06	-6.629233e-06	-1.778755e-08	-4.667707e+01	-1.162112e+03
2.990000e-06	-6.719049e-06	-1.783503e-08	-4.730948e+01	-1.164938e+03
3.000000e-06	-6.806497e-06	-1.787673e-08	-4.792521e+01	-1.167214e+03
3.010000e-06	-6.891508e-06	-1.791640e-08	-4.852378e+01	-1.169385e+03
3.020000e-06	-6.974124e-06	-1.795821e-08	-4.910549e+01	-1.171863e+03
3.030000e-06	-7.054257e-06	-1.800029e-08	-4.966971e+01	-1.174811e+03
3.040000e-06	-7.131662e-06	-1.803700e-08	-5.021473e+01	-1.178059e+03
3.050000e-06	-7.206313e-06	-1.806772e-08	-5.074035e+01	-1.181206e+03
3.060000e-06	-7.278338e-06	-1.809636e-08	-5.124749e+01	-1.183852e+03
3.070000e-06	-7.347703e-06	-1.812383e-08	-5.173589e+01	-1.185811e+03
3.080000e-06	-7.414427e-06	-1.815038e-08	-5.220570e+01	-1.187213e+03
3.090000e-06	-7.478583e-06	-1.817609e-08	-5.265743e+01	-1.188429e+03
3.100000e-06	-7.540074e-06	-1.820163e-08	-5.309040e+01	-1.189864e+03
3.110000e-06	-7.598849e-06	-1.822658e-08	-5.350424e+01	-1.191740e+03
3.120000e-06	-7.654917e-06	-1.824999e-08	-5.389902e+01	-1.193979e+03
3.130000e-06	-7.708114e-06	-1.827013e-08	-5.427358e+01	-1.196251e+03
3.140000e-06	-7.758196e-06	-1.828573e-08	-5.462622e+01	-1.198157e+03
3.150000e-06	-7.805130e-06	-1.829998e-08	-5.495668e+01	-1.199447e+03
3.160000e-06	-7.849342e-06	-1.831364e-08	-5.526799e+01	-1.200150e+03
3.170000e-06	-7.891112e-06	-1.832611e-08	-5.556209e+01	-1.200558e+03
3.180000e-06	-7.930193e-06	-1.833853e-08	-5.583726e+01	-1.201063e+03
3.190000e-06	-7.966464e-06	-1.835171e-08	-5.609265e+01	-1.201948e+03
3.200000e-06	-7.999959e-06	-1.836494e-08	-5.632850e+01	-1.203238e+03
3.210000e-06	-8.030535e-06	-1.837400e-08	-5.654378e+01	-1.204690e+03
3.220000e-06	-8.058177e-06	-1.837899e-08	-5.673841e+01	-1.205927e+03
3.230000e-06	-8.083065e-06	-1.838277e-08	-5.691365e+01	-1.206639e+03
3.240000e-06	-8.105062e-06	-1.838382e-08	-5.706853e+01	-1.206747e+03
3.250000e-06	-8.124141e-06	-1.838347e-08	-5.720287e+01	-1.206435e+03
3.260000e-06	-8.140402e-06	-1.838188e-08	-5.731737e+01	-1.206048e+03
3.270000e-06	-8.153555e-06	-1.838088e-08	-5.740998e+01	-1.205903e+03
3.280000e-06	-8.163565e-06	-1.838076e-08	-5.748046e+01	-1.206130e+03
3.290000e-06	-8.170655e-06	-1.837747e-08	-5.753038e+01	-1.206605e+03
3.300000e-06	-8.174856e-06	-1.836973e-08	-5.755996e+01	-1.207033e+03
3.310000e-06	-8.176224e-06	-1.835830e-08	-5.756959e+01	-1.207112e+03
