# Temperatura_=_51.77
# Concentracion g/m^3_=_33330.0
# C_Vs_to_Am_M_A/Vsm_=_65563218390.804596
# pendiente_HvsI_1/m_=_3716.3
# ordenada_HvsI_A/m_=_1297.0
# frecuencia_Hz_=_301685.98319867405

Tiempo_(s)	Campo_(V.s)	Magnetizacion_(V.s)	Campo_(kA/m)	Magnetizacion_(A/m)
0.000000e+00	-8.185773e-06	-1.885233e-08	-5.756600e+01	-1.239915e+03
1.000000e-08	-8.182941e-06	-1.885095e-08	-5.754608e+01	-1.239369e+03
2.000000e-08	-8.177401e-06	-1.884374e-08	-5.750712e+01	-1.238501e+03
3.000000e-08	-8.169234e-06	-1.883441e-08	-5.744969e+01	-1.237555e+03
4.000000e-08	-8.158231e-06	-1.882531e-08	-5.737231e+01	-1.236760e+03
5.000000e-08	-8.144265e-06	-1.881558e-08	-5.727410e+01	-1.236207e+03
6.000000e-08	-8.127337e-06	-1.880048e-08	-5.715505e+01	-1.235798e+03
7.000000e-08	-8.107800e-06	-1.877389e-08	-5.701766e+01	-1.235313e+03
8.000000e-08	-8.085891e-06	-1.878891e-08	-5.686358e+01	-1.234533e+03
9.000000e-08	-8.061027e-06	-1.883049e-08	-5.668873e+01	-1.233367e+03
1.000000e-07	-8.032823e-06	-1.879699e-08	-5.649038e+01	-1.231901e+03
1.100000e-07	-8.001536e-06	-1.874298e-08	-5.627036e+01	-1.230343e+03
1.200000e-07	-7.967359e-06	-1.871632e-08	-5.603002e+01	-1.228899e+03
1.300000e-07	-7.930457e-06	-1.869995e-08	-5.577050e+01	-1.227649e+03
1.400000e-07	-7.891179e-06	-1.863697e-08	-5.549428e+01	-1.226496e+03
1.500000e-07	-7.849564e-06	-1.858991e-08	-5.520163e+01	-1.225212e+03
1.600000e-07	-7.805220e-06	-1.863302e-08	-5.488978e+01	-1.223571e+03
1.700000e-07	-7.758082e-06	-1.856253e-08	-5.455829e+01	-1.221485e+03
1.800000e-07	-7.708182e-06	-1.857851e-08	-5.420737e+01	-1.219065e+03
1.900000e-07	-7.655217e-06	-1.856180e-08	-5.383489e+01	-1.216576e+03
2.000000e-07	-7.599275e-06	-1.846687e-08	-5.344148e+01	-1.214306e+03
2.100000e-07	-7.540549e-06	-1.847270e-08	-5.302850e+01	-1.212406e+03
2.200000e-07	-7.479160e-06	-1.841308e-08	-5.259678e+01	-1.210802e+03
2.300000e-07	-7.415167e-06	-1.840900e-08	-5.214675e+01	-1.209222e+03
2.400000e-07	-7.348392e-06	-1.835438e-08	-5.167716e+01	-1.207330e+03
2.500000e-07	-7.278893e-06	-1.830755e-08	-5.118841e+01	-1.204887e+03
2.600000e-07	-7.206648e-06	-1.827908e-08	-5.068035e+01	-1.201877e+03
2.700000e-07	-7.131565e-06	-1.823670e-08	-5.015234e+01	-1.198505e+03
2.800000e-07	-7.053584e-06	-1.819966e-08	-4.960394e+01	-1.195083e+03
2.900000e-07	-6.972826e-06	-1.811742e-08	-4.903602e+01	-1.191867e+03
3.000000e-07	-6.889640e-06	-1.809662e-08	-4.845101e+01	-1.188917e+03
3.100000e-07	-6.804163e-06	-1.804908e-08	-4.784990e+01	-1.186075e+03
3.200000e-07	-6.716428e-06	-1.799393e-08	-4.723291e+01	-1.183055e+03
3.300000e-07	-6.626314e-06	-1.793412e-08	-4.659919e+01	-1.179609e+03
3.400000e-07	-6.533786e-06	-1.786339e-08	-4.594849e+01	-1.175665e+03
3.500000e-07	-6.438932e-06	-1.782625e-08	-4.528144e+01	-1.171370e+03
3.600000e-07	-6.341713e-06	-1.778249e-08	-4.459775e+01	-1.167006e+03
3.700000e-07	-6.242149e-06	-1.771688e-08	-4.389757e+01	-1.162827e+03
3.800000e-07	-6.140330e-06	-1.763201e-08	-4.318153e+01	-1.158911e+03
3.900000e-07	-6.036300e-06	-1.757086e-08	-4.244995e+01	-1.155102e+03
4.000000e-07	-5.930100e-06	-1.750606e-08	-4.170310e+01	-1.151090e+03
4.100000e-07	-5.821774e-06	-1.742799e-08	-4.094131e+01	-1.146575e+03
4.200000e-07	-5.711327e-06	-1.734813e-08	-4.016459e+01	-1.141440e+03
4.300000e-07	-5.598737e-06	-1.727496e-08	-3.937281e+01	-1.135825e+03
4.400000e-07	-5.483957e-06	-1.721268e-08	-3.856562e+01	-1.130059e+03
4.500000e-07	-5.367110e-06	-1.713725e-08	-3.774391e+01	-1.124485e+03
4.600000e-07	-5.248251e-06	-1.704360e-08	-3.690803e+01	-1.119268e+03
4.700000e-07	-5.127386e-06	-1.694768e-08	-3.605806e+01	-1.114287e+03
4.800000e-07	-5.004658e-06	-1.686529e-08	-3.519498e+01	-1.109187e+03
4.900000e-07	-4.880186e-06	-1.678388e-08	-3.431964e+01	-1.103553e+03
5.000000e-07	-4.753968e-06	-1.668643e-08	-3.343202e+01	-1.097131e+03
5.100000e-07	-4.626012e-06	-1.657362e-08	-3.253217e+01	-1.089968e+03
5.200000e-07	-4.496391e-06	-1.646631e-08	-3.162062e+01	-1.082396e+03
5.300000e-07	-4.365120e-06	-1.636880e-08	-3.069747e+01	-1.074856e+03
5.400000e-07	-4.232335e-06	-1.626658e-08	-2.976366e+01	-1.067666e+03
5.500000e-07	-4.098037e-06	-1.614758e-08	-2.881922e+01	-1.060837e+03
5.600000e-07	-3.962150e-06	-1.602957e-08	-2.786360e+01	-1.054059e+03
5.700000e-07	-3.824712e-06	-1.591699e-08	-2.689708e+01	-1.046853e+03
5.800000e-07	-3.685823e-06	-1.579694e-08	-2.592035e+01	-1.038824e+03
5.900000e-07	-3.545537e-06	-1.565669e-08	-2.493379e+01	-1.029873e+03
6.000000e-07	-3.403799e-06	-1.551035e-08	-2.393703e+01	-1.020257e+03
6.100000e-07	-3.260640e-06	-1.537739e-08	-2.293027e+01	-1.010447e+03
6.200000e-07	-3.116295e-06	-1.524972e-08	-2.191517e+01	-1.000872e+03
6.300000e-07	-2.970879e-06	-1.510939e-08	-2.089254e+01	-9.916676e+02
6.400000e-07	-2.824360e-06	-1.494797e-08	-1.986215e+01	-9.825857e+02
6.500000e-07	-2.676857e-06	-1.478655e-08	-1.882485e+01	-9.731054e+02
6.600000e-07	-2.528482e-06	-1.462583e-08	-1.778141e+01	-9.627037e+02
6.700000e-07	-2.379300e-06	-1.445597e-08	-1.673230e+01	-9.511363e+02
6.800000e-07	-2.229311e-06	-1.427016e-08	-1.567751e+01	-9.385725e+02
6.900000e-07	-2.078478e-06	-1.408204e-08	-1.461678e+01	-9.255023e+02
7.000000e-07	-1.926861e-06	-1.389610e-08	-1.355054e+01	-9.124559e+02
7.100000e-07	-1.774600e-06	-1.370152e-08	-1.247977e+01	-8.996847e+02
7.200000e-07	-1.621754e-06	-1.348856e-08	-1.140490e+01	-8.869817e+02
7.300000e-07	-1.468269e-06	-1.325789e-08	-1.032552e+01	-8.737536e+02
7.400000e-07	-1.314149e-06	-1.302780e-08	-9.241678e+00	-8.593200e+02
7.500000e-07	-1.159525e-06	-1.279526e-08	-8.154294e+00	-8.432820e+02
7.600000e-07	-1.004484e-06	-1.255089e-08	-7.063978e+00	-8.257524e+02
7.700000e-07	-8.490727e-07	-1.228460e-08	-5.971057e+00	-8.072966e+02
7.800000e-07	-6.933856e-07	-1.200336e-08	-4.876196e+00	-7.885908e+02
7.900000e-07	-5.375154e-07	-1.171126e-08	-3.780047e+00	-7.699640e+02
8.000000e-07	-3.815286e-07	-1.140105e-08	-2.683079e+00	-7.510811e+02
8.100000e-07	-2.253953e-07	-1.106590e-08	-1.585080e+00	-7.309719e+02
8.200000e-07	-6.917477e-08	-1.070706e-08	-4.864678e-01	-7.084346e+02
8.300000e-07	8.707201e-08	-1.032960e-08	6.123291e-01	-6.826217e+02
8.400000e-07	2.433372e-07	-9.919935e-09	1.711255e+00	-6.534726e+02
8.500000e-07	3.994981e-07	-9.462617e-09	2.809448e+00	-6.216714e+02
8.600000e-07	5.555081e-07	-8.946468e-09	3.906580e+00	-5.880114e+02
8.700000e-07	7.113574e-07	-8.370210e-09	5.002582e+00	-5.523558e+02
8.800000e-07	8.669679e-07	-7.718337e-09	6.096904e+00	-5.126482e+02
8.900000e-07	1.022269e-06	-6.950072e-09	7.189053e+00	-4.645227e+02
9.000000e-07	1.177224e-06	-6.001158e-09	8.278766e+00	-4.018973e+02
9.100000e-07	1.331764e-06	-4.782161e-09	9.365558e+00	-3.185634e+02
9.200000e-07	1.485769e-06	-3.163853e-09	1.044859e+01	-2.103421e+02
9.300000e-07	1.639180e-06	-1.087553e-09	1.152744e+01	-7.706486e+01
9.400000e-07	1.792060e-06	1.256972e-09	1.260256e+01	7.640019e+01
9.500000e-07	1.944334e-06	3.653280e-09	1.367342e+01	2.405762e+02
9.600000e-07	2.095904e-06	6.071030e-09	1.473933e+01	4.032487e+02
9.700000e-07	2.246811e-06	8.404441e-09	1.580058e+01	5.522403e+02
9.800000e-07	2.396905e-06	1.034849e-08	1.685610e+01	6.782022e+02
9.900000e-07	2.546011e-06	1.175616e-08	1.790468e+01	7.765266e+02
1.000000e-06	2.694111e-06	1.274491e-08	1.894619e+01	8.478086e+02
1.010000e-06	2.841216e-06	1.346238e-08	1.998070e+01	8.968154e+02
1.020000e-06	2.987333e-06	1.400606e-08	2.100825e+01	9.304464e+02
1.030000e-06	3.132444e-06	1.443815e-08	2.202874e+01	9.554700e+02
1.040000e-06	3.276433e-06	1.479745e-08	2.304134e+01	9.768147e+02
1.050000e-06	3.419200e-06	1.509979e-08	2.404534e+01	9.968850e+02
1.060000e-06	3.560689e-06	1.535766e-08	2.504035e+01	1.015924e+03
1.070000e-06	3.700792e-06	1.558257e-08	2.602562e+01	1.033048e+03
1.080000e-06	3.839461e-06	1.578312e-08	2.700080e+01	1.047383e+03
1.090000e-06	3.976746e-06	1.596368e-08	2.796625e+01	1.058815e+03
1.100000e-06	4.112578e-06	1.612735e-08	2.892148e+01	1.068105e+03
1.110000e-06	4.246822e-06	1.628026e-08	2.986554e+01	1.076486e+03
1.120000e-06	4.379519e-06	1.642665e-08	3.079873e+01	1.085033e+03
1.130000e-06	4.510640e-06	1.656855e-08	3.172082e+01	1.094189e+03
1.140000e-06	4.640180e-06	1.670016e-08	3.263181e+01	1.103668e+03
1.150000e-06	4.768115e-06	1.681748e-08	3.353151e+01	1.112738e+03
1.160000e-06	4.894362e-06	1.692953e-08	3.441933e+01	1.120700e+03
1.170000e-06	5.018902e-06	1.703889e-08	3.529515e+01	1.127286e+03
1.180000e-06	5.141669e-06	1.713985e-08	3.615851e+01	1.132785e+03
1.190000e-06	5.262598e-06	1.723144e-08	3.700893e+01	1.137858e+03
1.200000e-06	5.381596e-06	1.731948e-08	3.784578e+01	1.143168e+03
1.210000e-06	5.498544e-06	1.741106e-08	3.866821e+01	1.149038e+03
1.220000e-06	5.613352e-06	1.750298e-08	3.947559e+01	1.155320e+03
1.230000e-06	5.726007e-06	1.758898e-08	4.026783e+01	1.161514e+03
1.240000e-06	5.836571e-06	1.766684e-08	4.104536e+01	1.167077e+03
1.250000e-06	5.945128e-06	1.774089e-08	4.180879e+01	1.171718e+03
1.260000e-06	6.051585e-06	1.781260e-08	4.255743e+01	1.175546e+03
1.270000e-06	6.155815e-06	1.787779e-08	4.329043e+01	1.178991e+03
1.280000e-06	6.257844e-06	1.793764e-08	4.400794e+01	1.182557e+03
1.290000e-06	6.357631e-06	1.799801e-08	4.470969e+01	1.186550e+03
1.300000e-06	6.455079e-06	1.806053e-08	4.539499e+01	1.190925e+03
1.310000e-06	6.550216e-06	1.812205e-08	4.606404e+01	1.195335e+03
1.320000e-06	6.643072e-06	1.817795e-08	4.671704e+01	1.199333e+03
1.330000e-06	6.733581e-06	1.822961e-08	4.735354e+01	1.202620e+03
1.340000e-06	6.821661e-06	1.828058e-08	4.797295e+01	1.205204e+03
1.350000e-06	6.907372e-06	1.832797e-08	4.857572e+01	1.207387e+03
1.360000e-06	6.990704e-06	1.836948e-08	4.916174e+01	1.209588e+03
1.370000e-06	7.071547e-06	1.840677e-08	4.973027e+01	1.212120e+03
1.380000e-06	7.149894e-06	1.844695e-08	5.028124e+01	1.215028e+03
1.390000e-06	7.225570e-06	1.849053e-08	5.081342e+01	1.218082e+03
1.400000e-06	7.298468e-06	1.853113e-08	5.132607e+01	1.220911e+03
1.410000e-06	7.368770e-06	1.856560e-08	5.182047e+01	1.223214e+03
1.420000e-06	7.436485e-06	1.859802e-08	5.229667e+01	1.224923e+03
1.430000e-06	7.501468e-06	1.863237e-08	5.275366e+01	1.226230e+03
1.440000e-06	7.563852e-06	1.866642e-08	5.319237e+01	1.227477e+03
1.450000e-06	7.623693e-06	1.869635e-08	5.361320e+01	1.228966e+03
1.460000e-06	7.680833e-06	1.872138e-08	5.401503e+01	1.230799e+03
1.470000e-06	7.735164e-06	1.874602e-08	5.439712e+01	1.232830e+03
1.480000e-06	7.786323e-06	1.877190e-08	5.475689e+01	1.234752e+03
1.490000e-06	7.834326e-06	1.879492e-08	5.509446e+01	1.236275e+03
1.500000e-06	7.879620e-06	1.881390e-08	5.541300e+01	1.237282e+03
1.510000e-06	7.922084e-06	1.883466e-08	5.571162e+01	1.237892e+03
1.520000e-06	7.961637e-06	1.885934e-08	5.598978e+01	1.238390e+03
1.530000e-06	7.998543e-06	1.888271e-08	5.624931e+01	1.239066e+03
1.540000e-06	8.032678e-06	1.889936e-08	5.648936e+01	1.240056e+03
1.550000e-06	8.063896e-06	1.891165e-08	5.670891e+01	1.241271e+03
1.560000e-06	8.092386e-06	1.892409e-08	5.690926e+01	1.242443e+03
1.570000e-06	8.118027e-06	1.893668e-08	5.708958e+01	1.243275e+03
1.580000e-06	8.140687e-06	1.894590e-08	5.724893e+01	1.243601e+03
1.590000e-06	8.160535e-06	1.895084e-08	5.738851e+01	1.243475e+03
1.600000e-06	8.177543e-06	1.895638e-08	5.750812e+01	1.243138e+03
1.610000e-06	8.191563e-06	1.896508e-08	5.760672e+01	1.242890e+03
1.620000e-06	8.202361e-06	1.897309e-08	5.768265e+01	1.242926e+03
1.630000e-06	8.210049e-06	1.897619e-08	5.773671e+01	1.243240e+03
1.640000e-06	8.214912e-06	1.897678e-08	5.777092e+01	1.243633e+03
1.650000e-06	8.216881e-06	1.897854e-08	5.778476e+01	1.243825e+03
1.660000e-06	8.215999e-06	1.897479e-08	5.777856e+01	1.243611e+03
1.670000e-06	8.212407e-06	1.896454e-08	5.775330e+01	1.242966e+03
1.680000e-06	8.206087e-06	1.895549e-08	5.770885e+01	1.242053e+03
1.690000e-06	8.197069e-06	1.894812e-08	5.764544e+01	1.241126e+03
1.700000e-06	8.185226e-06	1.894146e-08	5.756215e+01	1.240390e+03
1.710000e-06	8.170506e-06	1.893787e-08	5.745863e+01	1.239888e+03
1.720000e-06	8.153244e-06	1.894050e-08	5.733724e+01	1.239483e+03
1.730000e-06	8.133561e-06	1.891110e-08	5.719882e+01	1.238940e+03
1.740000e-06	8.111006e-06	1.882229e-08	5.704021e+01	1.238065e+03
1.750000e-06	8.084809e-06	1.881281e-08	5.685598e+01	1.236809e+03
1.760000e-06	8.054780e-06	1.883130e-08	5.664480e+01	1.235298e+03
1.770000e-06	8.021687e-06	1.880924e-08	5.641207e+01	1.233751e+03
1.780000e-06	7.986182e-06	1.878845e-08	5.616238e+01	1.232354e+03
1.790000e-06	7.948305e-06	1.884207e-08	5.589602e+01	1.231144e+03
1.800000e-06	7.908319e-06	1.877748e-08	5.561482e+01	1.229981e+03
1.810000e-06	7.866231e-06	1.871604e-08	5.531884e+01	1.228625e+03
1.820000e-06	7.821338e-06	1.875578e-08	5.500313e+01	1.226873e+03
1.830000e-06	7.773624e-06	1.865850e-08	5.466759e+01	1.224685e+03
1.840000e-06	7.722931e-06	1.870338e-08	5.431108e+01	1.222218e+03
1.850000e-06	7.668979e-06	1.863273e-08	5.393168e+01	1.219760e+03
1.860000e-06	7.612272e-06	1.860102e-08	5.353288e+01	1.217575e+03
1.870000e-06	7.552834e-06	1.863927e-08	5.311489e+01	1.215764e+03
1.880000e-06	7.490735e-06	1.855262e-08	5.267818e+01	1.214197e+03
1.890000e-06	7.425944e-06	1.858663e-08	5.222254e+01	1.212569e+03
1.900000e-06	7.358265e-06	1.851136e-08	5.174660e+01	1.210553e+03
1.910000e-06	7.287784e-06	1.849697e-08	5.125094e+01	1.207960e+03
1.920000e-06	7.214527e-06	1.844666e-08	5.073577e+01	1.204833e+03
1.930000e-06	7.138594e-06	1.839103e-08	5.020177e+01	1.201417e+03
1.940000e-06	7.059919e-06	1.838847e-08	4.964849e+01	1.198029e+03
1.950000e-06	6.978688e-06	1.828030e-08	4.907724e+01	1.194882e+03
1.960000e-06	6.894942e-06	1.826892e-08	4.848830e+01	1.191980e+03
1.970000e-06	6.808537e-06	1.818487e-08	4.788066e+01	1.189121e+03
1.980000e-06	6.719696e-06	1.814851e-08	4.725589e+01	1.186012e+03
1.990000e-06	6.628501e-06	1.810124e-08	4.661457e+01	1.182439e+03
2.000000e-06	6.535026e-06	1.803099e-08	4.595721e+01	1.178386e+03
2.010000e-06	6.439288e-06	1.798121e-08	4.528394e+01	1.174044e+03
2.020000e-06	6.341282e-06	1.789995e-08	4.459472e+01	1.169707e+03
2.030000e-06	6.240972e-06	1.786316e-08	4.388929e+01	1.165595e+03
2.040000e-06	6.138372e-06	1.777985e-08	4.316776e+01	1.161728e+03
2.050000e-06	6.033572e-06	1.773550e-08	4.243076e+01	1.157900e+03
2.060000e-06	5.926650e-06	1.765742e-08	4.167884e+01	1.153784e+03
2.070000e-06	5.817674e-06	1.759204e-08	4.091248e+01	1.149115e+03
2.080000e-06	5.706563e-06	1.750733e-08	4.013109e+01	1.143837e+03
2.090000e-06	5.593266e-06	1.741611e-08	3.933433e+01	1.138148e+03
2.100000e-06	5.477751e-06	1.733555e-08	3.852198e+01	1.132401e+03
2.110000e-06	5.360115e-06	1.725159e-08	3.769472e+01	1.126911e+03
2.120000e-06	5.240436e-06	1.718338e-08	3.685308e+01	1.121775e+03
2.130000e-06	5.118850e-06	1.709610e-08	3.599803e+01	1.116803e+03
2.140000e-06	4.995469e-06	1.701292e-08	3.513036e+01	1.111605e+03
2.150000e-06	4.870277e-06	1.691055e-08	3.424995e+01	1.105787e+03
2.160000e-06	4.743308e-06	1.681702e-08	3.335705e+01	1.099162e+03
2.170000e-06	4.614617e-06	1.671152e-08	3.245204e+01	1.091857e+03
2.180000e-06	4.484299e-06	1.660663e-08	3.153559e+01	1.084251e+03
2.190000e-06	4.352409e-06	1.649362e-08	3.060808e+01	1.076778e+03
2.200000e-06	4.218992e-06	1.638578e-08	2.966983e+01	1.069690e+03
2.210000e-06	4.084149e-06	1.627295e-08	2.872155e+01	1.062914e+03
2.220000e-06	3.947826e-06	1.615614e-08	2.776287e+01	1.056074e+03
2.230000e-06	3.809871e-06	1.603918e-08	2.679271e+01	1.048690e+03
2.240000e-06	3.670449e-06	1.591972e-08	2.581223e+01	1.040424e+03
2.250000e-06	3.529683e-06	1.579374e-08	2.482230e+01	1.031270e+03
2.260000e-06	3.387648e-06	1.565403e-08	2.382345e+01	1.021558e+03
2.270000e-06	3.244428e-06	1.550793e-08	2.281626e+01	1.011774e+03
2.280000e-06	3.099992e-06	1.535775e-08	2.180052e+01	1.002293e+03
2.290000e-06	2.954365e-06	1.521021e-08	2.077641e+01	9.931560e+02
2.300000e-06	2.807674e-06	1.505925e-08	1.974481e+01	9.840281e+02
2.310000e-06	2.660043e-06	1.490714e-08	1.870661e+01	9.743591e+02
2.320000e-06	2.511520e-06	1.474452e-08	1.766213e+01	9.636728e+02
2.330000e-06	2.362071e-06	1.457621e-08	1.661114e+01	9.518239e+02
2.340000e-06	2.211753e-06	1.439685e-08	1.555403e+01	9.390796e+02
2.350000e-06	2.060710e-06	1.420950e-08	1.449183e+01	9.259709e+02
2.360000e-06	1.908950e-06	1.401278e-08	1.342459e+01	9.129857e+02
2.370000e-06	1.756539e-06	1.380985e-08	1.235276e+01	9.002687e+02
2.380000e-06	1.603543e-06	1.360147e-08	1.127683e+01	8.874992e+02
2.390000e-06	1.449949e-06	1.338369e-08	1.019669e+01	8.740278e+02
2.400000e-06	1.295733e-06	1.315475e-08	9.112172e+00	8.592119e+02
2.410000e-06	1.140982e-06	1.291473e-08	8.023894e+00	8.427687e+02
2.420000e-06	9.858820e-07	1.266679e-08	6.933161e+00	8.249420e+02
2.430000e-06	8.305228e-07	1.240421e-08	5.840606e+00	8.063656e+02
2.440000e-06	6.748770e-07	1.212531e-08	4.746035e+00	7.876707e+02
2.450000e-06	5.189524e-07	1.182800e-08	3.649504e+00	7.690391e+02
2.460000e-06	3.627752e-07	1.151343e-08	2.551197e+00	7.499583e+02
2.470000e-06	2.064603e-07	1.117631e-08	1.451920e+00	7.293505e+02
2.480000e-06	5.016865e-08	1.081467e-08	3.528083e-01	7.060469e+02
2.490000e-06	-1.061343e-07	1.042869e-08	-7.463839e-01	6.793707e+02
2.500000e-06	-2.624270e-07	1.001102e-08	-1.845503e+00	6.494744e+02
2.510000e-06	-4.185894e-07	9.554333e-09	-2.943707e+00	6.171504e+02
2.520000e-06	-5.745432e-07	9.044009e-09	-4.040443e+00	5.830646e+02
2.530000e-06	-7.302631e-07	8.462068e-09	-5.135535e+00	5.466784e+02
2.540000e-06	-8.857113e-07	7.786632e-09	-6.228716e+00	5.053605e+02
2.550000e-06	-1.040788e-06	6.983535e-09	-7.319287e+00	4.542183e+02
2.560000e-06	-1.195467e-06	5.991205e-09	-8.407058e+00	3.869563e+02
2.570000e-06	-1.349692e-06	4.708997e-09	-9.491637e+00	2.976641e+02
2.580000e-06	-1.503429e-06	2.999697e-09	-1.057278e+01	1.830046e+02
2.590000e-06	-1.656622e-06	8.231390e-10	-1.165011e+01	4.402399e+01
2.600000e-06	-1.809167e-06	-1.637668e-09	-1.272287e+01	-1.131564e+02
2.610000e-06	-1.961047e-06	-4.168961e-09	-1.379095e+01	-2.781518e+02
2.620000e-06	-2.112223e-06	-6.675114e-09	-1.485409e+01	-4.384797e+02
2.630000e-06	-2.262542e-06	-8.993426e-09	-1.591120e+01	-5.824285e+02
2.640000e-06	-2.411989e-06	-1.085463e-08	-1.696218e+01	-7.017060e+02
2.650000e-06	-2.560661e-06	-1.218135e-08	-1.800771e+01	-7.930239e+02
2.660000e-06	-2.708480e-06	-1.311958e-08	-1.904724e+01	-8.581679e+02
2.670000e-06	-2.855358e-06	-1.381254e-08	-2.008015e+01	-9.026529e+02
2.680000e-06	-3.001243e-06	-1.434115e-08	-2.110607e+01	-9.335477e+02
2.690000e-06	-3.146024e-06	-1.475456e-08	-2.212424e+01	-9.572858e+02
2.700000e-06	-3.289597e-06	-1.509252e-08	-2.313391e+01	-9.781847e+02
2.710000e-06	-3.431897e-06	-1.538094e-08	-2.413463e+01	-9.980397e+02
2.720000e-06	-3.572897e-06	-1.563212e-08	-2.512620e+01	-1.016701e+03
2.730000e-06	-3.712543e-06	-1.585229e-08	-2.610825e+01	-1.033189e+03
2.740000e-06	-3.850801e-06	-1.604679e-08	-2.708055e+01	-1.046773e+03
2.750000e-06	-3.987666e-06	-1.622377e-08	-2.804304e+01	-1.057570e+03
2.760000e-06	-4.122991e-06	-1.638863e-08	-2.899471e+01	-1.066513e+03
2.770000e-06	-4.256740e-06	-1.654012e-08	-2.993529e+01	-1.074854e+03
2.780000e-06	-4.388990e-06	-1.667530e-08	-3.086533e+01	-1.083543e+03
2.790000e-06	-4.519699e-06	-1.679937e-08	-3.178453e+01	-1.092832e+03
2.800000e-06	-4.648829e-06	-1.691973e-08	-3.269263e+01	-1.102284e+03
2.810000e-06	-4.776325e-06	-1.703590e-08	-3.358924e+01	-1.111132e+03
2.820000e-06	-4.902154e-06	-1.714332e-08	-3.447413e+01	-1.118753e+03
2.830000e-06	-5.026230e-06	-1.724340e-08	-3.534668e+01	-1.125021e+03
2.840000e-06	-5.148473e-06	-1.734093e-08	-3.620635e+01	-1.130346e+03
2.850000e-06	-5.268917e-06	-1.743527e-08	-3.705337e+01	-1.135426e+03
2.860000e-06	-5.387390e-06	-1.752271e-08	-3.788653e+01	-1.140864e+03
2.870000e-06	-5.503649e-06	-1.760232e-08	-3.870411e+01	-1.146869e+03
2.880000e-06	-5.617651e-06	-1.767850e-08	-3.950582e+01	-1.153184e+03
2.890000e-06	-5.729412e-06	-1.775419e-08	-4.029178e+01	-1.159267e+03
2.900000e-06	-5.838985e-06	-1.782852e-08	-4.106234e+01	-1.164612e+03
2.910000e-06	-5.946542e-06	-1.789820e-08	-4.181873e+01	-1.169024e+03
2.920000e-06	-6.052144e-06	-1.796416e-08	-4.256137e+01	-1.172709e+03
2.930000e-06	-6.155579e-06	-1.803043e-08	-4.328877e+01	-1.176141e+03
2.940000e-06	-6.256737e-06	-1.809395e-08	-4.400016e+01	-1.179799e+03
2.950000e-06	-6.355690e-06	-1.814951e-08	-4.469604e+01	-1.183906e+03
2.960000e-06	-6.452477e-06	-1.819939e-08	-4.537669e+01	-1.188332e+03
2.970000e-06	-6.546984e-06	-1.825014e-08	-4.604130e+01	-1.192679e+03
2.980000e-06	-6.639113e-06	-1.830200e-08	-4.668920e+01	-1.196517e+03
2.990000e-06	-6.728980e-06	-1.835011e-08	-4.732118e+01	-1.199615e+03
3.000000e-06	-6.816604e-06	-1.839236e-08	-4.793739e+01	-1.202064e+03
3.010000e-06	-6.901777e-06	-1.843236e-08	-4.853637e+01	-1.204212e+03
3.020000e-06	-6.984382e-06	-1.847343e-08	-4.911728e+01	-1.206476e+03
3.030000e-06	-7.064493e-06	-1.851384e-08	-4.968066e+01	-1.209110e+03
3.040000e-06	-7.141912e-06	-1.855028e-08	-5.022510e+01	-1.212086e+03
3.050000e-06	-7.216580e-06	-1.858190e-08	-5.075020e+01	-1.215120e+03
3.060000e-06	-7.288684e-06	-1.861085e-08	-5.125727e+01	-1.217839e+03
3.070000e-06	-7.358145e-06	-1.863816e-08	-5.174575e+01	-1.219990e+03
3.080000e-06	-7.424925e-06	-1.866372e-08	-5.221538e+01	-1.221572e+03
3.090000e-06	-7.489121e-06	-1.868854e-08	-5.266683e+01	-1.222831e+03
3.100000e-06	-7.550620e-06	-1.871351e-08	-5.309932e+01	-1.224116e+03
3.110000e-06	-7.609363e-06	-1.873698e-08	-5.351242e+01	-1.225693e+03
3.120000e-06	-7.665427e-06	-1.875889e-08	-5.390669e+01	-1.227598e+03
3.130000e-06	-7.718632e-06	-1.877776e-08	-5.428085e+01	-1.229634e+03
3.140000e-06	-7.768718e-06	-1.879291e-08	-5.463308e+01	-1.231479e+03
3.150000e-06	-7.815674e-06	-1.880663e-08	-5.496330e+01	-1.232876e+03
3.160000e-06	-7.859909e-06	-1.881874e-08	-5.527437e+01	-1.233764e+03
3.170000e-06	-7.901690e-06	-1.883017e-08	-5.556820e+01	-1.234317e+03
3.180000e-06	-7.940749e-06	-1.884271e-08	-5.584288e+01	-1.234836e+03
3.190000e-06	-7.976973e-06	-1.885729e-08	-5.609762e+01	-1.235587e+03
3.200000e-06	-8.010499e-06	-1.886895e-08	-5.633340e+01	-1.236652e+03
3.210000e-06	-8.041140e-06	-1.887470e-08	-5.654888e+01	-1.237886e+03
3.220000e-06	-8.068780e-06	-1.887715e-08	-5.674325e+01	-1.238998e+03
3.230000e-06	-8.093590e-06	-1.888001e-08	-5.691773e+01	-1.239712e+03
3.240000e-06	-8.115513e-06	-1.888136e-08	-5.707190e+01	-1.239912e+03
3.250000e-06	-8.134582e-06	-1.888127e-08	-5.720600e+01	-1.239706e+03
3.260000e-06	-8.150840e-06	-1.888080e-08	-5.732033e+01	-1.239366e+03
3.270000e-06	-8.163975e-06	-1.888094e-08	-5.741270e+01	-1.239178e+03
3.280000e-06	-8.173999e-06	-1.888123e-08	-5.748320e+01	-1.239293e+03
3.290000e-06	-8.181075e-06	-1.887755e-08	-5.753296e+01	-1.239652e+03
3.300000e-06	-8.185199e-06	-1.886940e-08	-5.756196e+01	-1.240021e+03
3.310000e-06	-8.186503e-06	-1.885808e-08	-5.757113e+01	-1.240126e+03
