8.596432e+02
8.750693e+02
8.670109e+02
8.620604e+02
8.548899e+02
8.481945e+02
8.354703e+02
8.147011e+02
8.049981e+02
7.893150e+02
7.650526e+02
7.539120e+02
7.364733e+02
7.252926e+02
7.214979e+02
7.229948e+02
7.195497e+02
7.110688e+02
7.083228e+02
7.118146e+02
6.988009e+02
6.911043e+02
6.919360e+02
6.930638e+02
6.901192e+02
6.856945e+02
6.824502e+02
6.829461e+02
6.844518e+02
6.791993e+02
6.776308e+02
6.751658e+02
6.774260e+02
6.666160e+02
6.690855e+02
6.653929e+02
6.613304e+02
6.628181e+02
6.540915e+02
6.521067e+02
6.453981e+02
6.517540e+02
6.352821e+02
6.419571e+02
6.338839e+02
6.312118e+02
6.287523e+02
6.230250e+02
6.191670e+02
6.165136e+02
6.123101e+02
6.134988e+02
6.094107e+02
6.113775e+02
6.050856e+02
6.061501e+02
6.119478e+02
6.140107e+02
6.052288e+02
6.178873e+02
6.214833e+02
6.242707e+02
6.187291e+02
