# Temperatura_=_57.19377049180327
# Concentracion g/m^3_=_19800.0
# C_Vs_to_Am_M_A/Vsm_=_65563218390.804596
# pendiente_HvsI_1/m_=_3716.3
# ordenada_HvsI_A/m_=_1297.0
# frecuencia_Hz_=_301664.5482523139
# Promedio de 61 ciclos

Tiempo_(s)	Campo_(V.s)	Magnetizacion_(V.s)	Campo_(kA/m)	Magnetizacion_(A/m)
0.000000e+00	-8.175012e-09	-1.941432e-08	-5.756432e+01	-1.275865e+03
1.000000e-08	-8.172175e-09	-1.941242e-08	-5.754434e+01	-1.275342e+03
2.000000e-08	-8.166638e-09	-1.940433e-08	-5.750536e+01	-1.274525e+03
3.000000e-08	-8.158520e-09	-1.939439e-08	-5.744819e+01	-1.273612e+03
4.000000e-08	-8.147559e-09	-1.938489e-08	-5.737101e+01	-1.272789e+03
5.000000e-08	-8.133602e-09	-1.937361e-08	-5.727273e+01	-1.272139e+03
6.000000e-08	-8.116713e-09	-1.935613e-08	-5.715381e+01	-1.271588e+03
7.000000e-08	-8.097257e-09	-1.932717e-08	-5.701681e+01	-1.270962e+03
8.000000e-08	-8.075382e-09	-1.933497e-08	-5.686278e+01	-1.270077e+03
9.000000e-08	-8.050523e-09	-1.938108e-08	-5.668773e+01	-1.268854e+03
1.000000e-07	-8.022363e-09	-1.935337e-08	-5.648944e+01	-1.267357e+03
1.100000e-07	-7.991149e-09	-1.929339e-08	-5.626965e+01	-1.265757e+03
1.200000e-07	-7.957026e-09	-1.926483e-08	-5.602937e+01	-1.264242e+03
1.300000e-07	-7.920172e-09	-1.924855e-08	-5.576987e+01	-1.262902e+03
1.400000e-07	-7.880988e-09	-1.918812e-08	-5.549396e+01	-1.261687e+03
1.500000e-07	-7.839462e-09	-1.913495e-08	-5.520155e+01	-1.260432e+03
1.600000e-07	-7.795189e-09	-1.917322e-08	-5.488980e+01	-1.258947e+03
1.700000e-07	-7.748118e-09	-1.910723e-08	-5.455835e+01	-1.257131e+03
1.800000e-07	-7.698288e-09	-1.911501e-08	-5.420748e+01	-1.255021e+03
1.900000e-07	-7.645399e-09	-1.910496e-08	-5.383506e+01	-1.252774e+03
2.000000e-07	-7.589539e-09	-1.900577e-08	-5.344172e+01	-1.250571e+03
2.100000e-07	-7.530897e-09	-1.900336e-08	-5.302879e+01	-1.248513e+03
2.200000e-07	-7.469575e-09	-1.894588e-08	-5.259699e+01	-1.246551e+03
2.300000e-07	-7.405674e-09	-1.893180e-08	-5.214703e+01	-1.244508e+03
2.400000e-07	-7.338975e-09	-1.888297e-08	-5.167737e+01	-1.242170e+03
2.500000e-07	-7.269516e-09	-1.882892e-08	-5.118828e+01	-1.239402e+03
2.600000e-07	-7.197361e-09	-1.879727e-08	-5.068020e+01	-1.236223e+03
2.700000e-07	-7.122410e-09	-1.874960e-08	-5.015243e+01	-1.232802e+03
2.800000e-07	-7.044631e-09	-1.871476e-08	-4.960475e+01	-1.229362e+03
2.900000e-07	-6.964037e-09	-1.863280e-08	-4.903725e+01	-1.226064e+03
3.000000e-07	-6.880932e-09	-1.860124e-08	-4.845207e+01	-1.222913e+03
3.100000e-07	-6.795593e-09	-1.855826e-08	-4.785115e+01	-1.219753e+03
3.200000e-07	-6.707992e-09	-1.849527e-08	-4.723431e+01	-1.216358e+03
3.300000e-07	-6.617990e-09	-1.843132e-08	-4.660056e+01	-1.212554e+03
3.400000e-07	-6.525584e-09	-1.835364e-08	-4.594988e+01	-1.208321e+03
3.500000e-07	-6.430857e-09	-1.831239e-08	-4.528287e+01	-1.203812e+03
3.600000e-07	-6.333773e-09	-1.826538e-08	-4.459925e+01	-1.199268e+03
3.700000e-07	-6.234333e-09	-1.819944e-08	-4.389904e+01	-1.194884e+03
3.800000e-07	-6.132657e-09	-1.811311e-08	-4.318309e+01	-1.190691e+03
3.900000e-07	-6.028792e-09	-1.804234e-08	-4.245173e+01	-1.186527e+03
4.000000e-07	-5.922751e-09	-1.797465e-08	-4.170504e+01	-1.182117e+03
4.100000e-07	-5.814597e-09	-1.789010e-08	-4.094347e+01	-1.177213e+03
4.200000e-07	-5.704348e-09	-1.780719e-08	-4.016716e+01	-1.171739e+03
4.300000e-07	-5.591929e-09	-1.772889e-08	-3.937556e+01	-1.165840e+03
4.400000e-07	-5.477308e-09	-1.766282e-08	-3.856845e+01	-1.159810e+03
4.500000e-07	-5.360611e-09	-1.758177e-08	-3.774674e+01	-1.153943e+03
4.600000e-07	-5.241934e-09	-1.748240e-08	-3.691107e+01	-1.148367e+03
4.700000e-07	-5.121297e-09	-1.737999e-08	-3.606161e+01	-1.142964e+03
4.800000e-07	-4.998764e-09	-1.729028e-08	-3.519879e+01	-1.137420e+03
4.900000e-07	-4.874427e-09	-1.720655e-08	-3.432327e+01	-1.131379e+03
5.000000e-07	-4.748364e-09	-1.710772e-08	-3.343560e+01	-1.124628e+03
5.100000e-07	-4.620590e-09	-1.699324e-08	-3.253588e+01	-1.117211e+03
5.200000e-07	-4.491140e-09	-1.687869e-08	-3.162436e+01	-1.109407e+03
5.300000e-07	-4.360062e-09	-1.677189e-08	-3.070138e+01	-1.101585e+03
5.400000e-07	-4.227398e-09	-1.665840e-08	-2.976722e+01	-1.094004e+03
5.500000e-07	-4.093216e-09	-1.653051e-08	-2.882238e+01	-1.086668e+03
5.600000e-07	-3.957525e-09	-1.640529e-08	-2.786691e+01	-1.079317e+03
5.700000e-07	-3.820344e-09	-1.628859e-08	-2.690095e+01	-1.071557e+03
5.800000e-07	-3.681726e-09	-1.616648e-08	-2.592487e+01	-1.063073e+03
5.900000e-07	-3.541665e-09	-1.602290e-08	-2.493864e+01	-1.053791e+03
6.000000e-07	-3.400113e-09	-1.587035e-08	-2.394190e+01	-1.043926e+03
6.100000e-07	-3.257166e-09	-1.572734e-08	-2.293533e+01	-1.033854e+03
6.200000e-07	-3.113015e-09	-1.558944e-08	-2.192030e+01	-1.023907e+03
6.300000e-07	-2.967766e-09	-1.543985e-08	-2.089753e+01	-1.014170e+03
6.400000e-07	-2.821433e-09	-1.527143e-08	-1.986712e+01	-1.004419e+03
6.500000e-07	-2.674080e-09	-1.510224e-08	-1.882954e+01	-9.942250e+02
6.600000e-07	-2.525866e-09	-1.493411e-08	-1.778589e+01	-9.831788e+02
6.700000e-07	-2.376861e-09	-1.475674e-08	-1.673667e+01	-9.711126e+02
6.800000e-07	-2.227030e-09	-1.456418e-08	-1.568163e+01	-9.581945e+02
6.900000e-07	-2.076382e-09	-1.436870e-08	-1.462085e+01	-9.448339e+02
7.000000e-07	-1.924983e-09	-1.417467e-08	-1.355477e+01	-9.314424e+02
7.100000e-07	-1.772904e-09	-1.397338e-08	-1.248391e+01	-9.181757e+02
7.200000e-07	-1.620191e-09	-1.375365e-08	-1.140859e+01	-9.048061e+02
7.300000e-07	-1.466870e-09	-1.351544e-08	-1.032897e+01	-8.908061e+02
7.400000e-07	-1.312997e-09	-1.327551e-08	-9.245477e+00	-8.756121e+02
7.500000e-07	-1.158657e-09	-1.303266e-08	-8.158689e+00	-8.589282e+02
7.600000e-07	-1.003872e-09	-1.277742e-08	-7.068776e+00	-8.408953e+02
7.700000e-07	-8.486996e-10	-1.250092e-08	-5.976128e+00	-8.220106e+02
7.800000e-07	-6.932425e-10	-1.220970e-08	-4.881478e+00	-8.028164e+02
7.900000e-07	-5.375718e-10	-1.190823e-08	-3.785323e+00	-7.835140e+02
8.000000e-07	-3.817419e-10	-1.158879e-08	-2.688047e+00	-7.637197e+02
8.100000e-07	-2.257726e-10	-1.124132e-08	-1.589790e+00	-7.425289e+02
8.200000e-07	-6.970147e-11	-1.086791e-08	-4.908154e-01	-7.188902e+02
8.300000e-07	8.639954e-11	-1.047496e-08	6.083695e-01	-6.921084e+02
8.400000e-07	2.424745e-10	-1.004973e-08	1.707371e+00	-6.621775e+02
8.500000e-07	3.984683e-10	-9.575609e-09	2.805801e+00	-6.296783e+02
8.600000e-07	5.543265e-10	-9.042744e-09	3.903276e+00	-5.951616e+02
8.700000e-07	7.099745e-10	-8.448594e-09	4.999272e+00	-5.582079e+02
8.800000e-07	8.653403e-10	-7.775844e-09	6.093279e+00	-5.165844e+02
8.900000e-07	1.020393e-09	-6.981339e-09	7.185084e+00	-4.659786e+02
9.000000e-07	1.175115e-09	-5.995949e-09	8.274555e+00	-4.006307e+02
9.100000e-07	1.329420e-09	-4.725791e-09	9.361099e+00	-3.148438e+02
9.200000e-07	1.483206e-09	-3.060197e-09	1.044398e+01	-2.049646e+02
9.300000e-07	1.636441e-09	-9.820004e-10	1.152298e+01	-7.115635e+01
9.400000e-07	1.789125e-09	1.340018e-09	1.259811e+01	8.172825e+01
9.500000e-07	1.941224e-09	3.728397e-09	1.366911e+01	2.446043e+02
9.600000e-07	2.092665e-09	6.134352e-09	1.473548e+01	4.059122e+02
9.700000e-07	2.243359e-09	8.435839e-09	1.579659e+01	5.541745e+02
9.800000e-07	2.393210e-09	1.037226e-08	1.685177e+01	6.805476e+02
9.900000e-07	2.542128e-09	1.182783e-08	1.790037e+01	7.805671e+02
1.000000e-06	2.690072e-09	1.288080e-08	1.894212e+01	8.545764e+02
1.010000e-06	2.837029e-09	1.364840e-08	1.997692e+01	9.068068e+02
1.020000e-06	2.982977e-09	1.422758e-08	2.100461e+01	9.435405e+02
1.030000e-06	3.127896e-09	1.468542e-08	2.202506e+01	9.710610e+02
1.040000e-06	3.271723e-09	1.506306e-08	2.303782e+01	9.940855e+02
1.050000e-06	3.414338e-09	1.538087e-08	2.404204e+01	1.015103e+03
1.060000e-06	3.555623e-09	1.565273e-08	2.503689e+01	1.034646e+03
1.070000e-06	3.695506e-09	1.589035e-08	2.602188e+01	1.052172e+03
1.080000e-06	3.833979e-09	1.610373e-08	2.699694e+01	1.067061e+03
1.090000e-06	3.971034e-09	1.629691e-08	2.796201e+01	1.079279e+03
1.100000e-06	4.106615e-09	1.647126e-08	2.891670e+01	1.089514e+03
1.110000e-06	4.240698e-09	1.663320e-08	2.986085e+01	1.098839e+03
1.120000e-06	4.373262e-09	1.678851e-08	3.079430e+01	1.108189e+03
1.130000e-06	4.504255e-09	1.693780e-08	3.171668e+01	1.117954e+03
1.140000e-06	4.633654e-09	1.707696e-08	3.262785e+01	1.127893e+03
1.150000e-06	4.761410e-09	1.720446e-08	3.352744e+01	1.137384e+03
1.160000e-06	4.887496e-09	1.732632e-08	3.441528e+01	1.145830e+03
1.170000e-06	5.011877e-09	1.744445e-08	3.529110e+01	1.153004e+03
1.180000e-06	5.134477e-09	1.755458e-08	3.615439e+01	1.159165e+03
1.190000e-06	5.255235e-09	1.765482e-08	3.700471e+01	1.164891e+03
1.200000e-06	5.374057e-09	1.775180e-08	3.784139e+01	1.170766e+03
1.210000e-06	5.490834e-09	1.785058e-08	3.866368e+01	1.177078e+03
1.220000e-06	5.605492e-09	1.794844e-08	3.947104e+01	1.183704e+03
1.230000e-06	5.718003e-09	1.803928e-08	4.026329e+01	1.190214e+03
1.240000e-06	5.828442e-09	1.812271e-08	4.104094e+01	1.196132e+03
1.250000e-06	5.936869e-09	1.820394e-08	4.180444e+01	1.201200e+03
1.260000e-06	6.043212e-09	1.828230e-08	4.255324e+01	1.205507e+03
1.270000e-06	6.147358e-09	1.835386e-08	4.328659e+01	1.209426e+03
1.280000e-06	6.249279e-09	1.841936e-08	4.400427e+01	1.213398e+03
1.290000e-06	6.348935e-09	1.848400e-08	4.470599e+01	1.217697e+03
1.300000e-06	6.446239e-09	1.854998e-08	4.539116e+01	1.222295e+03
1.310000e-06	6.541221e-09	1.861502e-08	4.605998e+01	1.226898e+03
1.320000e-06	6.633948e-09	1.867545e-08	4.671292e+01	1.231118e+03
1.330000e-06	6.724361e-09	1.873152e-08	4.734956e+01	1.234692e+03
1.340000e-06	6.812383e-09	1.878554e-08	4.796936e+01	1.237619e+03
1.350000e-06	6.898061e-09	1.883638e-08	4.857266e+01	1.240157e+03
1.360000e-06	6.981366e-09	1.888229e-08	4.915926e+01	1.242672e+03
1.370000e-06	7.062161e-09	1.892427e-08	4.972818e+01	1.245443e+03
1.380000e-06	7.140382e-09	1.896745e-08	5.027897e+01	1.248521e+03
1.390000e-06	7.215929e-09	1.901358e-08	5.081094e+01	1.251712e+03
1.400000e-06	7.288746e-09	1.905862e-08	5.132368e+01	1.254694e+03
1.410000e-06	7.358964e-09	1.909807e-08	5.181811e+01	1.257198e+03
1.420000e-06	7.426587e-09	1.913395e-08	5.229428e+01	1.259151e+03
1.430000e-06	7.491506e-09	1.916979e-08	5.275141e+01	1.260712e+03
1.440000e-06	7.553819e-09	1.920435e-08	5.319019e+01	1.262178e+03
1.450000e-06	7.613568e-09	1.923501e-08	5.361091e+01	1.263821e+03
1.460000e-06	7.670609e-09	1.926170e-08	5.401256e+01	1.265747e+03
1.470000e-06	7.724827e-09	1.928918e-08	5.439434e+01	1.267845e+03
1.480000e-06	7.775946e-09	1.931841e-08	5.475429e+01	1.269854e+03
1.490000e-06	7.823942e-09	1.934485e-08	5.509226e+01	1.271515e+03
1.500000e-06	7.869168e-09	1.936650e-08	5.541071e+01	1.272707e+03
1.510000e-06	7.911629e-09	1.938819e-08	5.570971e+01	1.273513e+03
1.520000e-06	7.951226e-09	1.941219e-08	5.598853e+01	1.274163e+03
1.530000e-06	7.988102e-09	1.943374e-08	5.624819e+01	1.274912e+03
1.540000e-06	8.022192e-09	1.944937e-08	5.648824e+01	1.275897e+03
1.550000e-06	8.053414e-09	1.946240e-08	5.670808e+01	1.277064e+03
1.560000e-06	8.081885e-09	1.947660e-08	5.690856e+01	1.278208e+03
1.570000e-06	8.107458e-09	1.949036e-08	5.708864e+01	1.279078e+03
1.580000e-06	8.130100e-09	1.950071e-08	5.724807e+01	1.279525e+03
1.590000e-06	8.149988e-09	1.950780e-08	5.738811e+01	1.279570e+03
1.600000e-06	8.166994e-09	1.951508e-08	5.750786e+01	1.279397e+03
1.610000e-06	8.180954e-09	1.952373e-08	5.760616e+01	1.279245e+03
1.620000e-06	8.191750e-09	1.953068e-08	5.768218e+01	1.279283e+03
1.630000e-06	8.199451e-09	1.953303e-08	5.773641e+01	1.279519e+03
1.640000e-06	8.204320e-09	1.953330e-08	5.777069e+01	1.279803e+03
1.650000e-06	8.206318e-09	1.953449e-08	5.778476e+01	1.279913e+03
1.660000e-06	8.205472e-09	1.953096e-08	5.777880e+01	1.279676e+03
1.670000e-06	8.201960e-09	1.952138e-08	5.775408e+01	1.279064e+03
1.680000e-06	8.195682e-09	1.951375e-08	5.770987e+01	1.278203e+03
1.690000e-06	8.186648e-09	1.950727e-08	5.764625e+01	1.277296e+03
1.700000e-06	8.174806e-09	1.950012e-08	5.756287e+01	1.276515e+03
1.710000e-06	8.160097e-09	1.949495e-08	5.745929e+01	1.275901e+03
1.720000e-06	8.142842e-09	1.949560e-08	5.733779e+01	1.275349e+03
1.730000e-06	8.123210e-09	1.947067e-08	5.719956e+01	1.274672e+03
1.740000e-06	8.100749e-09	1.937698e-08	5.704140e+01	1.273704e+03
1.750000e-06	8.074676e-09	1.935737e-08	5.685781e+01	1.272401e+03
1.760000e-06	8.044734e-09	1.937972e-08	5.664697e+01	1.270858e+03
1.770000e-06	8.011640e-09	1.936079e-08	5.641394e+01	1.269264e+03
1.780000e-06	7.976177e-09	1.933925e-08	5.616423e+01	1.267788e+03
1.790000e-06	7.938393e-09	1.938392e-08	5.589817e+01	1.266489e+03
1.800000e-06	7.898496e-09	1.932931e-08	5.561724e+01	1.265282e+03
1.810000e-06	7.856488e-09	1.926646e-08	5.532144e+01	1.263984e+03
1.820000e-06	7.811675e-09	1.931061e-08	5.500589e+01	1.262421e+03
1.830000e-06	7.764011e-09	1.922235e-08	5.467026e+01	1.260521e+03
1.840000e-06	7.713363e-09	1.925918e-08	5.431362e+01	1.258359e+03
1.850000e-06	7.659485e-09	1.921012e-08	5.393424e+01	1.256106e+03
1.860000e-06	7.602845e-09	1.916527e-08	5.353541e+01	1.253935e+03
1.870000e-06	7.543493e-09	1.919777e-08	5.311749e+01	1.251910e+03
1.880000e-06	7.481446e-09	1.910017e-08	5.268058e+01	1.249948e+03
1.890000e-06	7.416663e-09	1.912134e-08	5.222441e+01	1.247849e+03
1.900000e-06	7.349013e-09	1.904744e-08	5.174805e+01	1.245411e+03
1.910000e-06	7.278587e-09	1.901683e-08	5.125215e+01	1.242531e+03
1.920000e-06	7.205384e-09	1.897741e-08	5.073670e+01	1.239270e+03
1.930000e-06	7.129531e-09	1.890316e-08	5.020257e+01	1.235823e+03
1.940000e-06	7.050950e-09	1.890623e-08	4.964925e+01	1.232408e+03
1.950000e-06	6.969791e-09	1.880229e-08	4.907776e+01	1.229153e+03
1.960000e-06	6.886173e-09	1.878085e-08	4.848897e+01	1.226018e+03
1.970000e-06	6.799935e-09	1.870012e-08	4.788173e+01	1.222821e+03
1.980000e-06	6.711231e-09	1.864909e-08	4.725712e+01	1.219334e+03
1.990000e-06	6.620199e-09	1.860798e-08	4.661612e+01	1.215416e+03
2.000000e-06	6.526914e-09	1.852569e-08	4.595925e+01	1.211094e+03
2.010000e-06	6.431323e-09	1.847624e-08	4.528614e+01	1.206552e+03
2.020000e-06	6.333461e-09	1.838261e-08	4.459705e+01	1.202034e+03
2.030000e-06	6.233333e-09	1.834019e-08	4.389200e+01	1.197702e+03
2.040000e-06	6.130876e-09	1.825636e-08	4.317055e+01	1.193537e+03
2.050000e-06	6.026171e-09	1.820544e-08	4.243327e+01	1.189339e+03
2.060000e-06	5.919359e-09	1.813040e-08	4.168115e+01	1.184822e+03
2.070000e-06	5.810531e-09	1.805361e-08	4.091485e+01	1.179774e+03
2.080000e-06	5.699585e-09	1.796904e-08	4.013361e+01	1.174172e+03
2.090000e-06	5.586458e-09	1.786589e-08	3.933704e+01	1.168209e+03
2.100000e-06	5.471102e-09	1.777973e-08	3.852476e+01	1.162195e+03
2.110000e-06	5.353612e-09	1.768817e-08	3.769745e+01	1.156398e+03
2.120000e-06	5.234101e-09	1.761977e-08	3.685592e+01	1.150884e+03
2.130000e-06	5.112709e-09	1.752995e-08	3.600113e+01	1.145480e+03
2.140000e-06	4.989499e-09	1.743908e-08	3.513355e+01	1.139842e+03
2.150000e-06	4.864475e-09	1.732807e-08	3.425319e+01	1.133634e+03
2.160000e-06	4.737694e-09	1.722499e-08	3.336046e+01	1.126701e+03
2.170000e-06	4.609190e-09	1.711696e-08	3.245561e+01	1.119153e+03
2.180000e-06	4.479075e-09	1.700952e-08	3.153940e+01	1.111310e+03
2.190000e-06	4.347383e-09	1.689694e-08	3.061209e+01	1.103532e+03
2.200000e-06	4.214155e-09	1.678429e-08	2.967397e+01	1.096022e+03
2.210000e-06	4.079436e-09	1.666488e-08	2.872534e+01	1.088715e+03
2.220000e-06	3.943212e-09	1.653557e-08	2.776613e+01	1.081298e+03
2.230000e-06	3.805452e-09	1.640672e-08	2.679609e+01	1.073379e+03
2.240000e-06	3.666264e-09	1.627921e-08	2.581600e+01	1.064689e+03
2.250000e-06	3.525736e-09	1.615263e-08	2.482647e+01	1.055232e+03
2.260000e-06	3.383912e-09	1.601329e-08	2.382781e+01	1.045276e+03
2.270000e-06	3.240841e-09	1.586295e-08	2.282038e+01	1.035211e+03
2.280000e-06	3.096546e-09	1.570278e-08	2.180433e+01	1.025320e+03
2.290000e-06	2.951101e-09	1.554425e-08	2.078018e+01	1.015611e+03
2.300000e-06	2.804626e-09	1.538371e-08	1.974877e+01	1.005792e+03
2.310000e-06	2.657189e-09	1.522386e-08	1.871060e+01	9.954167e+02
2.320000e-06	2.508818e-09	1.505544e-08	1.766585e+01	9.841176e+02
2.330000e-06	2.359572e-09	1.488076e-08	1.661493e+01	9.718095e+02
2.340000e-06	2.209499e-09	1.469423e-08	1.555819e+01	9.587368e+02
2.350000e-06	2.058668e-09	1.449665e-08	1.449611e+01	9.453354e+02
2.360000e-06	1.907122e-09	1.428924e-08	1.342901e+01	9.319740e+02
2.370000e-06	1.754896e-09	1.407715e-08	1.235711e+01	9.187171e+02
2.380000e-06	1.602038e-09	1.386248e-08	1.128076e+01	9.052455e+02
2.390000e-06	1.448590e-09	1.363878e-08	1.020025e+01	8.909934e+02
2.400000e-06	1.294592e-09	1.340180e-08	9.115876e+00	8.754381e+02
2.410000e-06	1.140109e-09	1.314955e-08	8.028086e+00	8.583857e+02
2.420000e-06	9.852291e-10	1.288784e-08	6.937499e+00	8.400841e+02
2.430000e-06	8.300252e-10	1.261364e-08	5.844631e+00	8.210776e+02
2.440000e-06	6.745388e-10	1.232500e-08	4.749774e+00	8.018575e+02
2.450000e-06	5.188006e-10	1.201887e-08	3.653145e+00	7.824914e+02
2.460000e-06	3.628646e-10	1.169433e-08	2.555122e+00	7.624462e+02
2.470000e-06	2.068095e-10	1.134653e-08	1.456261e+00	7.407358e+02
2.480000e-06	5.070616e-11	1.097205e-08	3.570599e-01	7.163520e+02
2.490000e-06	-1.053900e-10	1.056847e-08	-7.420908e-01	6.887539e+02
2.500000e-06	-2.614233e-10	1.013086e-08	-1.840798e+00	6.581128e+02
2.510000e-06	-4.173361e-10	9.654599e-09	-2.938657e+00	6.250778e+02
2.520000e-06	-5.730735e-10	9.126036e-09	-4.035282e+00	5.900497e+02
2.530000e-06	-7.285879e-10	8.524963e-09	-5.130335e+00	5.522201e+02
2.540000e-06	-8.838307e-10	7.827031e-09	-6.223477e+00	5.088294e+02
2.550000e-06	-1.038732e-09	6.996049e-09	-7.314215e+00	4.551064e+02
2.560000e-06	-1.193233e-09	5.966696e-09	-8.402132e+00	3.851372e+02
2.570000e-06	-1.347286e-09	4.631492e-09	-9.486894e+00	2.935456e+02
2.580000e-06	-1.500834e-09	2.881311e-09	-1.056811e+01	1.774905e+02
2.590000e-06	-1.653818e-09	7.167567e-10	-1.164534e+01	3.827341e+01
2.600000e-06	-1.806188e-09	-1.714453e-09	-1.271825e+01	-1.180967e+02
2.610000e-06	-1.957883e-09	-4.235943e-09	-1.378642e+01	-2.817087e+02
2.620000e-06	-2.108833e-09	-6.726720e-09	-1.484933e+01	-4.407690e+02
2.630000e-06	-2.258984e-09	-9.014745e-09	-1.590662e+01	-5.842385e+02
2.640000e-06	-2.408308e-09	-1.087946e-08	-1.695808e+01	-7.042508e+02
2.650000e-06	-2.556798e-09	-1.225926e-08	-1.800367e+01	-7.975595e+02
2.660000e-06	-2.704429e-09	-1.325704e-08	-1.904322e+01	-8.656123e+02
2.670000e-06	-2.851136e-09	-1.399460e-08	-2.007625e+01	-9.133467e+02
2.680000e-06	-2.996827e-09	-1.455724e-08	-2.110213e+01	-9.472291e+02
2.690000e-06	-3.141405e-09	-1.499882e-08	-2.212018e+01	-9.732676e+02
2.700000e-06	-3.284781e-09	-1.535901e-08	-2.312976e+01	-9.956451e+02
2.710000e-06	-3.426902e-09	-1.566347e-08	-2.413051e+01	-1.016304e+03
2.720000e-06	-3.567733e-09	-1.592603e-08	-2.512217e+01	-1.035413e+03
2.730000e-06	-3.707212e-09	-1.615571e-08	-2.610431e+01	-1.052324e+03
2.740000e-06	-3.845280e-09	-1.636026e-08	-2.707651e+01	-1.066519e+03
2.750000e-06	-3.981891e-09	-1.654860e-08	-2.803846e+01	-1.078154e+03
2.760000e-06	-4.117012e-09	-1.672457e-08	-2.898991e+01	-1.088058e+03
2.770000e-06	-4.250644e-09	-1.688622e-08	-2.993089e+01	-1.097319e+03
2.780000e-06	-4.382776e-09	-1.703229e-08	-3.086129e+01	-1.106762e+03
2.790000e-06	-4.513356e-09	-1.716788e-08	-3.178077e+01	-1.116615e+03
2.800000e-06	-4.642361e-09	-1.729880e-08	-3.268916e+01	-1.126508e+03
2.810000e-06	-4.769728e-09	-1.742455e-08	-3.358601e+01	-1.135784e+03
2.820000e-06	-4.895401e-09	-1.754115e-08	-3.447094e+01	-1.143915e+03
2.830000e-06	-5.019333e-09	-1.764977e-08	-3.534360e+01	-1.150795e+03
2.840000e-06	-5.141467e-09	-1.775463e-08	-3.620361e+01	-1.156787e+03
2.850000e-06	-5.261736e-09	-1.785506e-08	-3.705049e+01	-1.162504e+03
2.860000e-06	-5.380016e-09	-1.794802e-08	-3.788336e+01	-1.168478e+03
2.870000e-06	-5.496157e-09	-1.803500e-08	-3.870116e+01	-1.174896e+03
2.880000e-06	-5.610015e-09	-1.812015e-08	-3.950289e+01	-1.181541e+03
2.890000e-06	-5.721619e-09	-1.820434e-08	-4.028875e+01	-1.187944e+03
2.900000e-06	-5.831112e-09	-1.828554e-08	-4.105974e+01	-1.193661e+03
2.910000e-06	-5.938591e-09	-1.836115e-08	-4.181656e+01	-1.198517e+03
2.920000e-06	-6.044081e-09	-1.843215e-08	-4.255936e+01	-1.202686e+03
2.930000e-06	-6.147415e-09	-1.850155e-08	-4.328699e+01	-1.206581e+03
2.940000e-06	-6.248465e-09	-1.856855e-08	-4.399853e+01	-1.210620e+03
2.950000e-06	-6.347299e-09	-1.862971e-08	-4.469447e+01	-1.215010e+03
2.960000e-06	-6.443975e-09	-1.868639e-08	-4.537522e+01	-1.219645e+03
2.970000e-06	-6.538395e-09	-1.874314e-08	-4.604008e+01	-1.224188e+03
2.980000e-06	-6.630461e-09	-1.879967e-08	-4.668836e+01	-1.228262e+03
2.990000e-06	-6.720236e-09	-1.885208e-08	-4.732051e+01	-1.231664e+03
3.000000e-06	-6.807693e-09	-1.889827e-08	-4.793634e+01	-1.234463e+03
3.010000e-06	-6.892700e-09	-1.894153e-08	-4.853492e+01	-1.236961e+03
3.020000e-06	-6.975244e-09	-1.898562e-08	-4.911615e+01	-1.239522e+03
3.030000e-06	-7.055311e-09	-1.902952e-08	-4.967994e+01	-1.242377e+03
3.040000e-06	-7.132706e-09	-1.906946e-08	-5.022492e+01	-1.245510e+03
3.050000e-06	-7.207358e-09	-1.910474e-08	-5.075058e+01	-1.248680e+03
3.060000e-06	-7.279365e-09	-1.913757e-08	-5.125762e+01	-1.251562e+03
3.070000e-06	-7.348689e-09	-1.916825e-08	-5.174577e+01	-1.253927e+03
3.080000e-06	-7.415360e-09	-1.919738e-08	-5.221523e+01	-1.255760e+03
3.090000e-06	-7.479468e-09	-1.922506e-08	-5.266664e+01	-1.257268e+03
3.100000e-06	-7.540905e-09	-1.925133e-08	-5.309925e+01	-1.258758e+03
3.110000e-06	-7.599619e-09	-1.927614e-08	-5.351269e+01	-1.260472e+03
3.120000e-06	-7.655596e-09	-1.929973e-08	-5.390685e+01	-1.262459e+03
3.130000e-06	-7.708664e-09	-1.932119e-08	-5.428053e+01	-1.264562e+03
3.140000e-06	-7.758643e-09	-1.933955e-08	-5.463246e+01	-1.266506e+03
3.150000e-06	-7.805546e-09	-1.935615e-08	-5.496272e+01	-1.268055e+03
3.160000e-06	-7.849754e-09	-1.937130e-08	-5.527401e+01	-1.269136e+03
3.170000e-06	-7.891489e-09	-1.938533e-08	-5.556789e+01	-1.269878e+03
3.180000e-06	-7.930508e-09	-1.939894e-08	-5.584264e+01	-1.270532e+03
3.190000e-06	-7.966689e-09	-1.941278e-08	-5.609741e+01	-1.271335e+03
3.200000e-06	-8.000108e-09	-1.942492e-08	-5.633273e+01	-1.272378e+03
3.210000e-06	-8.030643e-09	-1.943304e-08	-5.654774e+01	-1.273564e+03
3.220000e-06	-8.058231e-09	-1.943783e-08	-5.674200e+01	-1.274661e+03
3.230000e-06	-8.083020e-09	-1.944177e-08	-5.691656e+01	-1.275435e+03
3.240000e-06	-8.104929e-09	-1.944401e-08	-5.707083e+01	-1.275772e+03
3.250000e-06	-8.123951e-09	-1.944516e-08	-5.720477e+01	-1.275742e+03
3.260000e-06	-8.140141e-09	-1.944578e-08	-5.731877e+01	-1.275553e+03
3.270000e-06	-8.153220e-09	-1.944613e-08	-5.741087e+01	-1.275439e+03
3.280000e-06	-8.163197e-09	-1.944535e-08	-5.748112e+01	-1.275534e+03
3.290000e-06	-8.170250e-09	-1.944059e-08	-5.753079e+01	-1.275801e+03
3.300000e-06	-8.174390e-09	-1.943208e-08	-5.755994e+01	-1.276063e+03
3.310000e-06	-8.175727e-09	-1.942109e-08	-5.756935e+01	-1.276098e+03
