9.072223e+02
9.281453e+02
9.093092e+02
9.058325e+02
8.938394e+02
8.763001e+02
8.585195e+02
8.331816e+02
8.136883e+02
7.840093e+02
7.783152e+02
7.683318e+02
7.645058e+02
7.596141e+02
7.530478e+02
7.532134e+02
7.460836e+02
7.376934e+02
7.390373e+02
7.331239e+02
7.275949e+02
7.221927e+02
7.186184e+02
7.227397e+02
7.183610e+02
7.168310e+02
7.081906e+02
7.109151e+02
7.119630e+02
7.072223e+02
7.002361e+02
6.811603e+02
6.665279e+02
6.628460e+02
6.566600e+02
6.578989e+02
6.562364e+02
6.583934e+02
6.510976e+02
6.454118e+02
6.597405e+02
6.441403e+02
6.402915e+02
6.429831e+02
6.430169e+02
6.547212e+02
6.691146e+02
6.730503e+02
6.782414e+02
6.723172e+02
6.651734e+02
6.705525e+02
6.715629e+02
6.687516e+02
6.631964e+02
6.690639e+02
6.743565e+02
6.733929e+02
6.707251e+02
6.841744e+02
6.718661e+02
