5.736836e+02
5.671791e+02
5.694372e+02
5.597540e+02
5.538527e+02
5.462383e+02
5.337345e+02
5.200740e+02
5.127901e+02
5.001388e+02
4.898799e+02
4.826601e+02
4.773670e+02
4.745424e+02
4.734417e+02
4.706985e+02
4.668838e+02
4.617840e+02
4.627526e+02
4.592033e+02
4.585792e+02
4.554756e+02
4.556221e+02
4.521796e+02
4.469999e+02
4.477615e+02
4.497739e+02
4.431817e+02
4.431977e+02
4.458360e+02
4.375884e+02
4.381034e+02
4.333511e+02
4.293814e+02
4.246659e+02
4.193632e+02
4.188634e+02
4.120611e+02
4.128155e+02
4.091301e+02
3.996463e+02
3.973020e+02
4.038312e+02
3.994118e+02
4.080410e+02
4.050336e+02
4.018409e+02
4.029744e+02
3.972819e+02
3.975573e+02
3.988238e+02
4.022280e+02
4.040646e+02
4.009625e+02
3.979561e+02
3.999444e+02
3.985978e+02
4.063093e+02
4.049054e+02
4.018177e+02
3.982882e+02
4.031829e+02
