# Temperatura_=_69.04
# Concentracion g/m^3_=_19800.0
# C_Vs_to_Am_M_A/Vsm_=_65563218390.804596
# pendiente_HvsI_1/m_=_3716.3
# ordenada_HvsI_A/m_=_1297.0
# frecuencia_Hz_=_301689.58311277436

Tiempo_(s)	Campo_(V.s)	Magnetizacion_(V.s)	Campo_(kA/m)	Magnetizacion_(A/m)
0.000000e+00	-8.204368e-06	-1.862088e-08	-5.756399e+01	-1.224856e+03
1.000000e-08	-8.201916e-06	-1.861837e-08	-5.754679e+01	-1.224182e+03
2.000000e-08	-8.196707e-06	-1.861418e-08	-5.751024e+01	-1.223249e+03
3.000000e-08	-8.188920e-06	-1.860639e-08	-5.745560e+01	-1.222326e+03
4.000000e-08	-8.178300e-06	-1.859897e-08	-5.738109e+01	-1.221611e+03
5.000000e-08	-8.164666e-06	-1.859049e-08	-5.728543e+01	-1.221126e+03
6.000000e-08	-8.148081e-06	-1.857530e-08	-5.716907e+01	-1.220705e+03
7.000000e-08	-8.128874e-06	-1.855113e-08	-5.703430e+01	-1.220095e+03
8.000000e-08	-8.107223e-06	-1.853940e-08	-5.688239e+01	-1.219097e+03
9.000000e-08	-8.082653e-06	-1.857156e-08	-5.671000e+01	-1.217685e+03
1.000000e-07	-8.054806e-06	-1.857084e-08	-5.651462e+01	-1.216022e+03
1.100000e-07	-8.023866e-06	-1.851697e-08	-5.629754e+01	-1.214372e+03
1.200000e-07	-7.990001e-06	-1.847610e-08	-5.605993e+01	-1.212954e+03
1.300000e-07	-7.953337e-06	-1.846058e-08	-5.580269e+01	-1.211823e+03
1.400000e-07	-7.914268e-06	-1.842649e-08	-5.552857e+01	-1.210836e+03
1.500000e-07	-7.872878e-06	-1.834885e-08	-5.523817e+01	-1.209734e+03
1.600000e-07	-7.828779e-06	-1.835311e-08	-5.492876e+01	-1.208282e+03
1.700000e-07	-7.781863e-06	-1.834498e-08	-5.459958e+01	-1.206395e+03
1.800000e-07	-7.732241e-06	-1.830604e-08	-5.425143e+01	-1.204185e+03
1.900000e-07	-7.679583e-06	-1.831214e-08	-5.388196e+01	-1.201887e+03
2.000000e-07	-7.623922e-06	-1.824906e-08	-5.349143e+01	-1.199722e+03
2.100000e-07	-7.565474e-06	-1.821142e-08	-5.308134e+01	-1.197768e+03
2.200000e-07	-7.504267e-06	-1.817839e-08	-5.265190e+01	-1.195903e+03
2.300000e-07	-7.440478e-06	-1.813601e-08	-5.220434e+01	-1.193872e+03
2.400000e-07	-7.373924e-06	-1.810567e-08	-5.173738e+01	-1.191430e+03
2.500000e-07	-7.304552e-06	-1.804127e-08	-5.125065e+01	-1.188480e+03
2.600000e-07	-7.232420e-06	-1.801096e-08	-5.074455e+01	-1.185139e+03
2.700000e-07	-7.157490e-06	-1.797873e-08	-5.021882e+01	-1.181678e+03
2.800000e-07	-7.079785e-06	-1.794379e-08	-4.967362e+01	-1.178379e+03
2.900000e-07	-6.999262e-06	-1.787606e-08	-4.910865e+01	-1.175376e+03
3.000000e-07	-6.916174e-06	-1.781572e-08	-4.852568e+01	-1.172572e+03
3.100000e-07	-6.830790e-06	-1.778248e-08	-4.792661e+01	-1.169686e+03
3.200000e-07	-6.743107e-06	-1.771772e-08	-4.731140e+01	-1.166400e+03
3.300000e-07	-6.653066e-06	-1.766153e-08	-4.667965e+01	-1.162538e+03
3.400000e-07	-6.560648e-06	-1.759838e-08	-4.603122e+01	-1.158168e+03
3.500000e-07	-6.465916e-06	-1.755610e-08	-4.536656e+01	-1.153574e+03
3.600000e-07	-6.368812e-06	-1.751601e-08	-4.468525e+01	-1.149107e+03
3.700000e-07	-6.269337e-06	-1.744579e-08	-4.398730e+01	-1.144990e+03
3.800000e-07	-6.167602e-06	-1.735505e-08	-4.327351e+01	-1.141188e+03
3.900000e-07	-6.063621e-06	-1.727154e-08	-4.254395e+01	-1.137409e+03
4.000000e-07	-5.957478e-06	-1.721195e-08	-4.179922e+01	-1.133253e+03
4.100000e-07	-5.849229e-06	-1.714221e-08	-4.103972e+01	-1.128420e+03
4.200000e-07	-5.738870e-06	-1.707110e-08	-4.026541e+01	-1.122881e+03
4.300000e-07	-5.626300e-06	-1.699494e-08	-3.947559e+01	-1.116898e+03
4.400000e-07	-5.511500e-06	-1.692411e-08	-3.867012e+01	-1.110899e+03
4.500000e-07	-5.394636e-06	-1.684261e-08	-3.785018e+01	-1.105253e+03
4.600000e-07	-5.275788e-06	-1.674412e-08	-3.701630e+01	-1.100063e+03
4.700000e-07	-5.154934e-06	-1.664471e-08	-3.616836e+01	-1.095105e+03
4.800000e-07	-5.032169e-06	-1.655898e-08	-3.530701e+01	-1.089931e+03
4.900000e-07	-4.907639e-06	-1.648491e-08	-3.443327e+01	-1.084097e+03
5.000000e-07	-4.781362e-06	-1.639393e-08	-3.354728e+01	-1.077395e+03
5.100000e-07	-4.653323e-06	-1.628322e-08	-3.264893e+01	-1.069963e+03
5.200000e-07	-4.523549e-06	-1.616520e-08	-3.173840e+01	-1.062212e+03
5.300000e-07	-4.392198e-06	-1.605907e-08	-3.081681e+01	-1.054610e+03
5.400000e-07	-4.259273e-06	-1.595329e-08	-2.988417e+01	-1.047426e+03
5.500000e-07	-4.124808e-06	-1.583597e-08	-2.894073e+01	-1.040581e+03
5.600000e-07	-3.988878e-06	-1.571274e-08	-2.798701e+01	-1.033687e+03
5.700000e-07	-3.851370e-06	-1.559557e-08	-2.702222e+01	-1.026249e+03
5.800000e-07	-3.712352e-06	-1.547646e-08	-2.604683e+01	-1.017933e+03
5.900000e-07	-3.571945e-06	-1.533948e-08	-2.506170e+01	-1.008746e+03
6.000000e-07	-3.430058e-06	-1.519437e-08	-2.406619e+01	-9.990308e+02
6.100000e-07	-3.286701e-06	-1.505790e-08	-2.306036e+01	-9.892719e+02
6.200000e-07	-3.142167e-06	-1.492961e-08	-2.204627e+01	-9.798195e+02
6.300000e-07	-2.996616e-06	-1.478781e-08	-2.102504e+01	-9.706769e+02
6.400000e-07	-2.849995e-06	-1.462421e-08	-1.999631e+01	-9.614782e+02
6.500000e-07	-2.702343e-06	-1.445274e-08	-1.896034e+01	-9.516738e+02
6.600000e-07	-2.553790e-06	-1.428697e-08	-1.791805e+01	-9.408281e+02
6.700000e-07	-2.404388e-06	-1.411925e-08	-1.686982e+01	-9.288653e+02
6.800000e-07	-2.254102e-06	-1.393916e-08	-1.581537e+01	-9.161199e+02
6.900000e-07	-2.102971e-06	-1.375233e-08	-1.475499e+01	-9.031532e+02
7.000000e-07	-1.951144e-06	-1.356327e-08	-1.368974e+01	-8.904246e+02
7.100000e-07	-1.798672e-06	-1.336718e-08	-1.261995e+01	-8.779993e+02
7.200000e-07	-1.645424e-06	-1.315339e-08	-1.154472e+01	-8.654611e+02
7.300000e-07	-1.491420e-06	-1.292294e-08	-1.046420e+01	-8.520981e+02
7.400000e-07	-1.336899e-06	-1.269065e-08	-9.380034e+00	-8.372743e+02
7.500000e-07	-1.181956e-06	-1.245987e-08	-8.292912e+00	-8.207864e+02
7.600000e-07	-1.026619e-06	-1.221819e-08	-7.203027e+00	-8.029961e+02
7.700000e-07	-8.709826e-07	-1.195373e-08	-6.111042e+00	-7.846339e+02
7.800000e-07	-7.150922e-07	-1.166959e-08	-5.017273e+00	-7.663526e+02
7.900000e-07	-5.590034e-07	-1.137470e-08	-3.922114e+00	-7.482613e+02
8.000000e-07	-4.027558e-07	-1.106655e-08	-2.825840e+00	-7.297110e+02
8.100000e-07	-2.463644e-07	-1.073294e-08	-1.728557e+00	-7.094926e+02
8.200000e-07	-8.984768e-08	-1.037309e-08	-6.303948e-01	-6.863869e+02
8.300000e-07	6.674555e-08	-9.991378e-09	4.683042e-01	-6.597869e+02
8.400000e-07	2.232881e-07	-9.577851e-09	1.566648e+00	-6.300138e+02
8.500000e-07	3.797237e-07	-9.114454e-09	2.664240e+00	-5.980415e+02
8.600000e-07	5.360094e-07	-8.590766e-09	3.760782e+00	-5.646197e+02
8.700000e-07	6.921169e-07	-8.001819e-09	4.856073e+00	-5.291101e+02
8.800000e-07	8.479928e-07	-7.330734e-09	5.949739e+00	-4.885903e+02
8.900000e-07	1.003609e-06	-6.533571e-09	7.041580e+00	-4.377728e+02
9.000000e-07	1.158956e-06	-5.529524e-09	8.131537e+00	-3.700261e+02
9.100000e-07	1.313952e-06	-4.207796e-09	9.219031e+00	-2.793360e+02
9.200000e-07	1.468458e-06	-2.435628e-09	1.030309e+01	-1.626070e+02
9.300000e-07	1.622421e-06	-2.167873e-10	1.138333e+01	-2.146284e+01
9.400000e-07	1.775801e-06	2.190495e-09	1.245949e+01	1.372016e+02
9.500000e-07	1.928516e-06	4.591345e-09	1.353097e+01	3.022632e+02
9.600000e-07	2.080585e-06	6.978866e-09	1.459792e+01	4.607772e+02
9.700000e-07	2.232006e-06	9.183883e-09	1.566034e+01	6.010059e+02
9.800000e-07	2.382591e-06	1.089811e-08	1.671688e+01	7.150858e+02
9.900000e-07	2.532141e-06	1.208215e-08	1.776616e+01	8.004819e+02
1.000000e-06	2.680666e-06	1.291467e-08	1.880825e+01	8.598274e+02
1.010000e-06	2.828241e-06	1.352253e-08	1.984368e+01	8.993343e+02
1.020000e-06	2.974825e-06	1.398143e-08	2.087215e+01	9.264452e+02
1.030000e-06	3.120373e-06	1.434860e-08	2.189335e+01	9.475989e+02
1.040000e-06	3.264872e-06	1.465959e-08	2.290719e+01	9.668324e+02
1.050000e-06	3.408165e-06	1.492908e-08	2.391257e+01	9.855390e+02
1.060000e-06	3.550152e-06	1.516113e-08	2.490879e+01	1.003218e+03
1.070000e-06	3.690750e-06	1.536375e-08	2.589527e+01	1.018705e+03
1.080000e-06	3.829941e-06	1.554737e-08	2.687187e+01	1.031269e+03
1.090000e-06	3.967737e-06	1.571627e-08	2.783868e+01	1.041150e+03
1.100000e-06	4.104032e-06	1.586978e-08	2.879496e+01	1.049424e+03
1.110000e-06	4.238786e-06	1.601259e-08	2.974043e+01	1.057411e+03
1.120000e-06	4.371967e-06	1.615223e-08	3.067486e+01	1.066019e+03
1.130000e-06	4.503613e-06	1.628990e-08	3.159853e+01	1.075376e+03
1.140000e-06	4.633731e-06	1.642053e-08	3.251146e+01	1.084898e+03
1.150000e-06	4.762193e-06	1.653689e-08	3.341279e+01	1.093719e+03
1.160000e-06	4.888948e-06	1.664514e-08	3.430213e+01	1.101207e+03
1.170000e-06	5.013941e-06	1.675213e-08	3.517912e+01	1.107303e+03
1.180000e-06	5.137169e-06	1.685468e-08	3.604372e+01	1.112517e+03
1.190000e-06	5.258584e-06	1.694837e-08	3.689560e+01	1.117620e+03
1.200000e-06	5.378069e-06	1.703721e-08	3.773393e+01	1.123231e+03
1.210000e-06	5.495545e-06	1.712865e-08	3.855818e+01	1.129505e+03
1.220000e-06	5.610927e-06	1.722104e-08	3.936773e+01	1.136103e+03
1.230000e-06	5.724141e-06	1.730791e-08	4.016207e+01	1.142411e+03
1.240000e-06	5.835241e-06	1.738755e-08	4.094157e+01	1.147900e+03
1.250000e-06	5.944336e-06	1.746444e-08	4.170702e+01	1.152403e+03
1.260000e-06	6.051397e-06	1.753977e-08	4.245818e+01	1.156184e+03
1.270000e-06	6.156272e-06	1.760917e-08	4.319401e+01	1.159773e+03
1.280000e-06	6.258875e-06	1.767088e-08	4.391390e+01	1.163663e+03
1.290000e-06	6.359226e-06	1.773014e-08	4.461799e+01	1.168054e+03
1.300000e-06	6.457253e-06	1.779243e-08	4.530578e+01	1.172759e+03
1.310000e-06	6.552874e-06	1.785617e-08	4.597668e+01	1.177329e+03
1.320000e-06	6.646144e-06	1.791725e-08	4.663108e+01	1.181314e+03
1.330000e-06	6.737143e-06	1.797285e-08	4.726955e+01	1.184506e+03
1.340000e-06	6.825807e-06	1.802494e-08	4.789165e+01	1.187043e+03
1.350000e-06	6.912124e-06	1.807394e-08	4.849727e+01	1.189327e+03
1.360000e-06	6.995988e-06	1.811841e-08	4.908568e+01	1.191796e+03
1.370000e-06	7.077309e-06	1.815863e-08	4.965625e+01	1.194689e+03
1.380000e-06	7.156092e-06	1.819853e-08	5.020901e+01	1.197929e+03
1.390000e-06	7.232267e-06	1.824337e-08	5.074348e+01	1.201181e+03
1.400000e-06	7.305765e-06	1.828914e-08	5.125916e+01	1.204044e+03
1.410000e-06	7.376600e-06	1.832947e-08	5.175615e+01	1.206273e+03
1.420000e-06	7.444791e-06	1.836469e-08	5.223460e+01	1.207912e+03
1.430000e-06	7.510279e-06	1.839837e-08	5.269408e+01	1.209260e+03
1.440000e-06	7.573164e-06	1.843188e-08	5.313530e+01	1.210706e+03
1.450000e-06	7.633496e-06	1.846354e-08	5.355860e+01	1.212516e+03
1.460000e-06	7.691109e-06	1.849170e-08	5.396283e+01	1.214693e+03
1.470000e-06	7.745899e-06	1.851996e-08	5.434725e+01	1.216984e+03
1.480000e-06	7.797616e-06	1.855003e-08	5.471011e+01	1.219023e+03
1.490000e-06	7.846158e-06	1.857705e-08	5.505069e+01	1.220531e+03
1.500000e-06	7.891882e-06	1.859783e-08	5.537150e+01	1.221466e+03
1.510000e-06	7.934832e-06	1.861743e-08	5.567285e+01	1.222042e+03
1.520000e-06	7.974892e-06	1.864092e-08	5.595393e+01	1.222606e+03
1.530000e-06	8.012230e-06	1.866450e-08	5.621590e+01	1.223451e+03
1.540000e-06	8.046824e-06	1.868211e-08	5.645862e+01	1.224655e+03
1.550000e-06	8.078508e-06	1.869561e-08	5.668092e+01	1.226051e+03
1.560000e-06	8.107398e-06	1.870925e-08	5.688362e+01	1.227313e+03
1.570000e-06	8.133446e-06	1.872275e-08	5.706638e+01	1.228139e+03
1.580000e-06	8.156571e-06	1.873315e-08	5.722863e+01	1.228409e+03
1.590000e-06	8.176932e-06	1.873999e-08	5.737149e+01	1.228246e+03
1.600000e-06	8.194423e-06	1.874662e-08	5.749422e+01	1.227941e+03
1.610000e-06	8.208882e-06	1.875530e-08	5.759566e+01	1.227796e+03
1.620000e-06	8.220157e-06	1.876279e-08	5.767477e+01	1.227963e+03
1.630000e-06	8.228294e-06	1.876622e-08	5.773186e+01	1.228367e+03
1.640000e-06	8.233534e-06	1.876675e-08	5.776863e+01	1.228761e+03
1.650000e-06	8.235834e-06	1.876684e-08	5.778476e+01	1.228863e+03
1.660000e-06	8.235249e-06	1.876590e-08	5.778066e+01	1.228510e+03
1.670000e-06	8.232045e-06	1.875673e-08	5.775818e+01	1.227747e+03
1.680000e-06	8.226121e-06	1.874655e-08	5.771662e+01	1.226790e+03
1.690000e-06	8.217378e-06	1.873868e-08	5.765527e+01	1.225905e+03
1.700000e-06	8.205819e-06	1.873103e-08	5.757417e+01	1.225252e+03
1.710000e-06	8.191394e-06	1.872329e-08	5.747296e+01	1.224804e+03
1.720000e-06	8.174377e-06	1.871649e-08	5.735356e+01	1.224359e+03
1.730000e-06	8.154988e-06	1.870431e-08	5.721752e+01	1.223664e+03
1.740000e-06	8.132847e-06	1.863285e-08	5.706218e+01	1.222555e+03
1.750000e-06	8.107174e-06	1.858466e-08	5.688205e+01	1.221058e+03
1.760000e-06	8.077592e-06	1.859911e-08	5.667450e+01	1.219372e+03
1.770000e-06	8.044734e-06	1.859131e-08	5.644395e+01	1.217763e+03
1.780000e-06	8.009465e-06	1.855755e-08	5.619650e+01	1.216419e+03
1.790000e-06	7.971836e-06	1.857527e-08	5.593248e+01	1.215343e+03
1.800000e-06	7.932022e-06	1.859621e-08	5.565314e+01	1.214352e+03
1.810000e-06	7.890177e-06	1.851106e-08	5.535954e+01	1.213179e+03
1.820000e-06	7.845609e-06	1.852375e-08	5.504684e+01	1.211617e+03
1.830000e-06	7.798147e-06	1.850689e-08	5.471384e+01	1.209632e+03
1.840000e-06	7.747709e-06	1.846809e-08	5.435995e+01	1.207374e+03
1.850000e-06	7.694001e-06	1.846923e-08	5.398312e+01	1.205091e+03
1.860000e-06	7.637495e-06	1.839340e-08	5.358666e+01	1.202979e+03
1.870000e-06	7.578273e-06	1.841152e-08	5.317114e+01	1.201064e+03
1.880000e-06	7.516275e-06	1.835848e-08	5.273615e+01	1.199183e+03
1.890000e-06	7.451591e-06	1.832450e-08	5.228231e+01	1.197068e+03
1.900000e-06	7.384026e-06	1.829892e-08	5.180826e+01	1.194498e+03
1.910000e-06	7.313631e-06	1.822057e-08	5.131434e+01	1.191431e+03
1.920000e-06	7.240466e-06	1.819480e-08	5.080100e+01	1.188029e+03
1.930000e-06	7.164638e-06	1.811922e-08	5.026897e+01	1.184585e+03
1.940000e-06	7.086097e-06	1.811027e-08	4.971791e+01	1.181355e+03
1.950000e-06	7.004927e-06	1.805044e-08	4.914840e+01	1.178419e+03
1.960000e-06	6.921280e-06	1.799108e-08	4.856151e+01	1.175624e+03
1.970000e-06	6.835027e-06	1.795119e-08	4.795634e+01	1.172663e+03
1.980000e-06	6.746304e-06	1.787420e-08	4.733383e+01	1.169240e+03
1.990000e-06	6.655245e-06	1.783518e-08	4.669494e+01	1.165234e+03
2.000000e-06	6.561898e-06	1.774872e-08	4.603999e+01	1.160775e+03
2.010000e-06	6.466194e-06	1.769290e-08	4.536851e+01	1.156180e+03
2.020000e-06	6.368210e-06	1.761958e-08	4.468103e+01	1.151787e+03
2.030000e-06	6.268027e-06	1.756713e-08	4.397812e+01	1.147763e+03
2.040000e-06	6.165571e-06	1.750945e-08	4.325926e+01	1.144000e+03
2.050000e-06	6.060807e-06	1.744497e-08	4.252421e+01	1.140163e+03
2.060000e-06	5.953870e-06	1.738395e-08	4.177390e+01	1.135856e+03
2.070000e-06	5.844921e-06	1.729254e-08	4.100949e+01	1.130836e+03
2.080000e-06	5.733829e-06	1.720911e-08	4.023004e+01	1.125150e+03
2.090000e-06	5.620535e-06	1.710501e-08	3.943514e+01	1.119121e+03
2.100000e-06	5.504967e-06	1.702572e-08	3.862429e+01	1.113182e+03
2.110000e-06	5.387245e-06	1.694627e-08	3.779832e+01	1.107652e+03
2.120000e-06	5.267560e-06	1.687676e-08	3.695858e+01	1.102552e+03
2.130000e-06	5.146000e-06	1.679112e-08	3.610568e+01	1.097585e+03
2.140000e-06	5.022577e-06	1.669491e-08	3.523971e+01	1.092281e+03
2.150000e-06	4.897281e-06	1.659154e-08	3.436060e+01	1.086236e+03
2.160000e-06	4.770267e-06	1.648755e-08	3.346944e+01	1.079324e+03
2.170000e-06	4.641566e-06	1.638890e-08	3.256644e+01	1.071765e+03
2.180000e-06	4.511241e-06	1.628376e-08	3.165204e+01	1.064011e+03
2.190000e-06	4.379332e-06	1.617588e-08	3.072654e+01	1.056499e+03
2.200000e-06	4.245791e-06	1.605995e-08	2.978958e+01	1.049420e+03
2.210000e-06	4.110745e-06	1.594274e-08	2.884206e+01	1.042607e+03
2.220000e-06	3.974245e-06	1.581851e-08	2.788434e+01	1.035620e+03
2.230000e-06	3.836185e-06	1.570130e-08	2.691568e+01	1.027982e+03
2.240000e-06	3.696633e-06	1.558506e-08	2.593654e+01	1.019432e+03
2.250000e-06	3.555666e-06	1.546244e-08	2.494748e+01	1.010069e+03
2.260000e-06	3.413417e-06	1.532299e-08	2.394943e+01	1.000297e+03
2.270000e-06	3.270007e-06	1.517115e-08	2.294322e+01	9.905918e+02
2.280000e-06	3.125390e-06	1.501583e-08	2.192855e+01	9.812312e+02
2.290000e-06	2.979583e-06	1.486368e-08	2.090553e+01	9.721195e+02
2.300000e-06	2.832754e-06	1.471215e-08	1.987534e+01	9.628207e+02
2.310000e-06	2.685006e-06	1.455970e-08	1.883871e+01	9.527847e+02
2.320000e-06	2.536248e-06	1.439803e-08	1.779498e+01	9.416488e+02
2.330000e-06	2.386494e-06	1.422422e-08	1.674426e+01	9.294442e+02
2.340000e-06	2.235936e-06	1.403879e-08	1.568791e+01	9.165877e+02
2.350000e-06	2.084708e-06	1.384649e-08	1.462686e+01	9.036479e+02
2.360000e-06	1.932789e-06	1.365225e-08	1.356096e+01	8.910073e+02
2.370000e-06	1.780193e-06	1.345419e-08	1.249030e+01	8.786084e+02
2.380000e-06	1.626901e-06	1.324933e-08	1.141476e+01	8.659338e+02
2.390000e-06	1.472979e-06	1.303042e-08	1.033481e+01	8.522523e+02
2.400000e-06	1.318528e-06	1.279774e-08	9.251136e+00	8.370081e+02
2.410000e-06	1.163558e-06	1.255160e-08	8.163824e+00	8.201393e+02
2.420000e-06	1.008186e-06	1.229863e-08	7.073698e+00	8.021307e+02
2.430000e-06	8.525161e-07	1.203684e-08	5.981476e+00	7.837408e+02
2.440000e-06	6.965600e-07	1.176290e-08	4.887247e+00	7.655246e+02
2.450000e-06	5.403233e-07	1.147185e-08	3.791050e+00	7.474069e+02
2.460000e-06	3.838445e-07	1.115819e-08	2.693153e+00	7.285635e+02
2.470000e-06	2.272602e-07	1.081857e-08	1.594517e+00	7.077221e+02
2.480000e-06	7.064906e-08	1.045318e-08	4.956922e-01	6.837640e+02
2.490000e-06	-8.598829e-08	1.006337e-08	-6.033163e-01	6.563042e+02
2.500000e-06	-2.426127e-07	9.642445e-09	-1.702234e+00	6.258788e+02
2.510000e-06	-3.991184e-07	9.180981e-09	-2.800319e+00	5.935070e+02
2.520000e-06	-5.553961e-07	8.663234e-09	-3.896804e+00	5.597004e+02
2.530000e-06	-7.113749e-07	8.067899e-09	-4.991192e+00	5.233103e+02
2.540000e-06	-8.670780e-07	7.369232e-09	-6.083646e+00	4.807892e+02
2.550000e-06	-1.022526e-06	6.529307e-09	-7.174313e+00	4.263748e+02
2.560000e-06	-1.177613e-06	5.475693e-09	-8.262443e+00	3.533796e+02
2.570000e-06	-1.332249e-06	4.086479e-09	-9.347405e+00	2.563079e+02
2.580000e-06	-1.486412e-06	2.223807e-09	-1.042905e+01	1.331134e+02
2.590000e-06	-1.640050e-06	-7.793823e-11	-1.150702e+01	-1.325357e+01
2.600000e-06	-1.793045e-06	-2.581207e-09	-1.258047e+01	-1.746815e+02
2.610000e-06	-1.945303e-06	-5.114479e-09	-1.364876e+01	-3.393263e+02
2.620000e-06	-2.096806e-06	-7.587376e-09	-1.471174e+01	-4.942578e+02
2.630000e-06	-2.247623e-06	-9.758989e-09	-1.576991e+01	-6.284924e+02
2.640000e-06	-2.397708e-06	-1.137755e-08	-1.682294e+01	-7.354228e+02
2.650000e-06	-2.546844e-06	-1.248450e-08	-1.786932e+01	-8.138847e+02
2.660000e-06	-2.695060e-06	-1.327067e-08	-1.890925e+01	-8.675989e+02
2.670000e-06	-2.842427e-06	-1.385721e-08	-1.994321e+01	-9.033156e+02
2.680000e-06	-2.988774e-06	-1.430795e-08	-2.097002e+01	-9.284132e+02
2.690000e-06	-3.133972e-06	-1.466405e-08	-2.198877e+01	-9.488175e+02
2.700000e-06	-3.277970e-06	-1.495801e-08	-2.299909e+01	-9.678824e+02
2.710000e-06	-3.420781e-06	-1.521051e-08	-2.400109e+01	-9.864281e+02
2.720000e-06	-3.562334e-06	-1.543203e-08	-2.499426e+01	-1.003668e+03
2.730000e-06	-3.702536e-06	-1.563027e-08	-2.597796e+01	-1.018459e+03
2.740000e-06	-3.841331e-06	-1.581006e-08	-2.695178e+01	-1.030292e+03
2.750000e-06	-3.978600e-06	-1.597695e-08	-2.791489e+01	-1.039650e+03
2.760000e-06	-4.114362e-06	-1.613126e-08	-2.886744e+01	-1.047735e+03
2.770000e-06	-4.248680e-06	-1.627106e-08	-2.980985e+01	-1.055821e+03
2.780000e-06	-4.381527e-06	-1.639895e-08	-3.074194e+01	-1.064638e+03
2.790000e-06	-4.512848e-06	-1.651913e-08	-3.166332e+01	-1.074112e+03
2.800000e-06	-4.642531e-06	-1.663654e-08	-3.257321e+01	-1.083540e+03
2.810000e-06	-4.770533e-06	-1.674894e-08	-3.347131e+01	-1.092069e+03
2.820000e-06	-4.896891e-06	-1.685359e-08	-3.435787e+01	-1.099191e+03
2.830000e-06	-5.021518e-06	-1.695290e-08	-3.523228e+01	-1.105002e+03
2.840000e-06	-5.144281e-06	-1.704932e-08	-3.609362e+01	-1.110116e+03
2.850000e-06	-5.265157e-06	-1.714189e-08	-3.694172e+01	-1.115304e+03
2.860000e-06	-5.384091e-06	-1.722829e-08	-3.777619e+01	-1.121088e+03
2.870000e-06	-5.500939e-06	-1.731146e-08	-3.859602e+01	-1.127493e+03
2.880000e-06	-5.615521e-06	-1.739369e-08	-3.939996e+01	-1.134079e+03
2.890000e-06	-5.727856e-06	-1.747304e-08	-4.018814e+01	-1.140223e+03
2.900000e-06	-5.838037e-06	-1.754689e-08	-4.096119e+01	-1.145464e+03
2.910000e-06	-5.946148e-06	-1.761579e-08	-4.171973e+01	-1.149748e+03
2.920000e-06	-6.052285e-06	-1.768315e-08	-4.246441e+01	-1.153429e+03
2.930000e-06	-6.156246e-06	-1.775103e-08	-4.319383e+01	-1.157056e+03
2.940000e-06	-6.257901e-06	-1.781688e-08	-4.390707e+01	-1.161069e+03
2.950000e-06	-6.357326e-06	-1.787573e-08	-4.460466e+01	-1.165571e+03
2.960000e-06	-6.454594e-06	-1.792996e-08	-4.528712e+01	-1.170290e+03
2.970000e-06	-6.549643e-06	-1.798456e-08	-4.595400e+01	-1.174752e+03
2.980000e-06	-6.642334e-06	-1.803742e-08	-4.660435e+01	-1.178546e+03
2.990000e-06	-6.732697e-06	-1.808557e-08	-4.723836e+01	-1.181548e+03
3.000000e-06	-6.820751e-06	-1.812855e-08	-4.785617e+01	-1.183980e+03
3.010000e-06	-6.906399e-06	-1.817050e-08	-4.845710e+01	-1.186275e+03
3.020000e-06	-6.989581e-06	-1.821420e-08	-4.904072e+01	-1.188839e+03
3.030000e-06	-7.070244e-06	-1.825687e-08	-4.960668e+01	-1.191840e+03
3.040000e-06	-7.148251e-06	-1.829636e-08	-5.015400e+01	-1.195122e+03
3.050000e-06	-7.223482e-06	-1.833119e-08	-5.068184e+01	-1.198313e+03
3.060000e-06	-7.296047e-06	-1.836297e-08	-5.119097e+01	-1.201031e+03
3.070000e-06	-7.365960e-06	-1.839113e-08	-5.168150e+01	-1.203098e+03
3.080000e-06	-7.433188e-06	-1.841621e-08	-5.215319e+01	-1.204630e+03
3.090000e-06	-7.497848e-06	-1.844162e-08	-5.260686e+01	-1.205968e+03
3.100000e-06	-7.559884e-06	-1.846838e-08	-5.304212e+01	-1.207490e+03
3.110000e-06	-7.619206e-06	-1.849450e-08	-5.345834e+01	-1.209404e+03
3.120000e-06	-7.675764e-06	-1.851776e-08	-5.385517e+01	-1.211643e+03
3.130000e-06	-7.729420e-06	-1.853898e-08	-5.423163e+01	-1.213906e+03
3.140000e-06	-7.780002e-06	-1.855802e-08	-5.458653e+01	-1.215832e+03
3.150000e-06	-7.827475e-06	-1.857326e-08	-5.491961e+01	-1.217191e+03
3.160000e-06	-7.872162e-06	-1.858514e-08	-5.523315e+01	-1.218009e+03
3.170000e-06	-7.914326e-06	-1.859617e-08	-5.552898e+01	-1.218550e+03
3.180000e-06	-7.953807e-06	-1.860925e-08	-5.580599e+01	-1.219164e+03
3.190000e-06	-7.990467e-06	-1.862391e-08	-5.606320e+01	-1.220102e+03
3.200000e-06	-8.024372e-06	-1.863678e-08	-5.630109e+01	-1.221380e+03
3.210000e-06	-8.055416e-06	-1.864523e-08	-5.651890e+01	-1.222776e+03
3.220000e-06	-8.083479e-06	-1.865124e-08	-5.671580e+01	-1.223953e+03
3.230000e-06	-8.108673e-06	-1.865620e-08	-5.689257e+01	-1.224643e+03
3.240000e-06	-8.130991e-06	-1.865722e-08	-5.704915e+01	-1.224786e+03
3.250000e-06	-8.150442e-06	-1.865585e-08	-5.718563e+01	-1.224558e+03
3.260000e-06	-8.167086e-06	-1.865451e-08	-5.730241e+01	-1.224269e+03
3.270000e-06	-8.180687e-06	-1.865564e-08	-5.739784e+01	-1.224197e+03
3.280000e-06	-8.191103e-06	-1.865701e-08	-5.747092e+01	-1.224440e+03
3.290000e-06	-8.198508e-06	-1.865312e-08	-5.752287e+01	-1.224870e+03
3.300000e-06	-8.203009e-06	-1.864314e-08	-5.755445e+01	-1.225217e+03
3.310000e-06	-8.204695e-06	-1.863084e-08	-5.756628e+01	-1.225213e+03
