5.389439e+02
5.513734e+02
5.401837e+02
5.381183e+02
5.309937e+02
5.205743e+02
5.100116e+02
4.949594e+02
4.833792e+02
4.657481e+02
4.623654e+02
4.564348e+02
4.541619e+02
4.512559e+02
4.473551e+02
4.474535e+02
4.432180e+02
4.382337e+02
4.390321e+02
4.355192e+02
4.322346e+02
4.290253e+02
4.269020e+02
4.293503e+02
4.267491e+02
4.258402e+02
4.207073e+02
4.223258e+02
4.229483e+02
4.201320e+02
4.159818e+02
4.046497e+02
3.959572e+02
3.937699e+02
3.900950e+02
3.908310e+02
3.898434e+02
3.911248e+02
3.867906e+02
3.834129e+02
3.919250e+02
3.826576e+02
3.803712e+02
3.819701e+02
3.819902e+02
3.889433e+02
3.974938e+02
3.998319e+02
4.029157e+02
3.993964e+02
3.951525e+02
3.983480e+02
3.989482e+02
3.972782e+02
3.939781e+02
3.974637e+02
4.006078e+02
4.000354e+02
3.984505e+02
4.064402e+02
3.991284e+02
