9.657007e+02
9.547515e+02
9.585527e+02
9.422525e+02
9.323187e+02
9.195011e+02
8.984531e+02
8.754579e+02
8.631967e+02
8.419003e+02
8.246312e+02
8.124778e+02
8.035678e+02
7.988130e+02
7.969603e+02
7.923424e+02
7.859211e+02
7.773364e+02
7.789668e+02
7.729922e+02
7.719417e+02
7.667173e+02
7.669639e+02
7.611690e+02
7.524498e+02
7.537319e+02
7.571194e+02
7.460225e+02
7.460495e+02
7.504905e+02
7.366071e+02
7.374741e+02
7.294744e+02
7.227920e+02
7.148542e+02
7.059280e+02
7.050868e+02
6.936363e+02
6.949060e+02
6.887024e+02
6.727379e+02
6.687917e+02
6.797825e+02
6.723432e+02
6.868691e+02
6.818065e+02
6.764321e+02
6.783402e+02
6.687578e+02
6.692215e+02
6.713533e+02
6.770837e+02
6.801754e+02
6.749536e+02
6.698928e+02
6.732397e+02
6.709729e+02
6.839539e+02
6.815907e+02
6.763931e+02
6.704517e+02
6.786912e+02
