# Temperatura_=_38.94
# Concentracion g/m^3_=_33330.0
# C_Vs_to_Am_M_A/Vsm_=_65563218390.804596
# pendiente_HvsI_1/m_=_3716.3
# ordenada_HvsI_A/m_=_1297.0
# frecuencia_Hz_=_301387.76298274513

Tiempo_(s)	Campo_(V.s)	Magnetizacion_(V.s)	Campo_(kA/m)	Magnetizacion_(A/m)
0.000000e+00	-8.405058e-06	-1.754009e-08	-5.767658e+01	-1.151275e+03
1.000000e-08	-8.400915e-06	-1.754155e-08	-5.764815e+01	-1.150481e+03
2.000000e-08	-8.394201e-06	-1.753604e-08	-5.760208e+01	-1.149359e+03
3.000000e-08	-8.384717e-06	-1.752798e-08	-5.753700e+01	-1.148294e+03
4.000000e-08	-8.372227e-06	-1.751622e-08	-5.745129e+01	-1.147595e+03
5.000000e-08	-8.356652e-06	-1.749747e-08	-5.734441e+01	-1.147327e+03
6.000000e-08	-8.338231e-06	-1.745470e-08	-5.721800e+01	-1.147287e+03
7.000000e-08	-8.317301e-06	-1.743423e-08	-5.707438e+01	-1.147120e+03
8.000000e-08	-8.293383e-06	-1.752617e-08	-5.691025e+01	-1.146517e+03
9.000000e-08	-8.266019e-06	-1.754415e-08	-5.672247e+01	-1.145381e+03
1.000000e-07	-8.235512e-06	-1.747594e-08	-5.651313e+01	-1.143877e+03
1.100000e-07	-8.202045e-06	-1.746214e-08	-5.628348e+01	-1.142333e+03
1.200000e-07	-8.165705e-06	-1.746097e-08	-5.603411e+01	-1.141061e+03
1.300000e-07	-8.127058e-06	-1.734032e-08	-5.576891e+01	-1.140183e+03
1.400000e-07	-8.086064e-06	-1.732386e-08	-5.548760e+01	-1.139574e+03
1.500000e-07	-8.042081e-06	-1.740360e-08	-5.518578e+01	-1.138941e+03
1.600000e-07	-7.995205e-06	-1.726541e-08	-5.486412e+01	-1.137992e+03
1.700000e-07	-7.945372e-06	-1.735160e-08	-5.452215e+01	-1.136605e+03
1.800000e-07	-7.892329e-06	-1.734487e-08	-5.415816e+01	-1.134898e+03
1.900000e-07	-7.836448e-06	-1.725203e-08	-5.377470e+01	-1.133153e+03
2.000000e-07	-7.777669e-06	-1.726648e-08	-5.337135e+01	-1.131652e+03
2.100000e-07	-7.716097e-06	-1.717492e-08	-5.294884e+01	-1.130497e+03
2.200000e-07	-7.651841e-06	-1.720632e-08	-5.250791e+01	-1.129539e+03
2.300000e-07	-7.584722e-06	-1.717199e-08	-5.204733e+01	-1.128440e+03
2.400000e-07	-7.514810e-06	-1.715789e-08	-5.156758e+01	-1.126850e+03
2.500000e-07	-7.442095e-06	-1.711550e-08	-5.106860e+01	-1.124602e+03
2.600000e-07	-7.366498e-06	-1.706951e-08	-5.054985e+01	-1.121811e+03
2.700000e-07	-7.287975e-06	-1.704948e-08	-5.001102e+01	-1.118826e+03
2.800000e-07	-7.206684e-06	-1.696295e-08	-4.945319e+01	-1.116047e+03
2.900000e-07	-7.122871e-06	-1.696908e-08	-4.887805e+01	-1.113720e+03
3.000000e-07	-7.036708e-06	-1.692629e-08	-4.828679e+01	-1.111794e+03
3.100000e-07	-6.948159e-06	-1.690249e-08	-4.767915e+01	-1.109952e+03
3.200000e-07	-6.857135e-06	-1.687150e-08	-4.705453e+01	-1.107773e+03
3.300000e-07	-6.763671e-06	-1.679252e-08	-4.641317e+01	-1.104960e+03
3.400000e-07	-6.667676e-06	-1.674273e-08	-4.575444e+01	-1.101503e+03
3.500000e-07	-6.569240e-06	-1.669848e-08	-4.507896e+01	-1.097686e+03
3.600000e-07	-6.468506e-06	-1.667706e-08	-4.438771e+01	-1.093938e+03
3.700000e-07	-6.365446e-06	-1.661906e-08	-4.368050e+01	-1.090597e+03
3.800000e-07	-6.260065e-06	-1.657488e-08	-4.295736e+01	-1.087731e+03
3.900000e-07	-6.152452e-06	-1.651485e-08	-4.221891e+01	-1.085087e+03
4.000000e-07	-6.042713e-06	-1.645121e-08	-4.146587e+01	-1.082229e+03
4.100000e-07	-5.930731e-06	-1.639155e-08	-4.069743e+01	-1.078769e+03
4.200000e-07	-5.816428e-06	-1.633127e-08	-3.991307e+01	-1.074574e+03
4.300000e-07	-5.699866e-06	-1.628575e-08	-3.911321e+01	-1.069844e+03
4.400000e-07	-5.581137e-06	-1.623594e-08	-3.829848e+01	-1.064998e+03
4.500000e-07	-5.460283e-06	-1.617370e-08	-3.746916e+01	-1.060443e+03
4.600000e-07	-5.337517e-06	-1.608575e-08	-3.662672e+01	-1.056350e+03
4.700000e-07	-5.212910e-06	-1.600087e-08	-3.577165e+01	-1.052546e+03
4.800000e-07	-5.086389e-06	-1.592504e-08	-3.490345e+01	-1.048603e+03
4.900000e-07	-4.957993e-06	-1.586345e-08	-3.402238e+01	-1.044071e+03
5.000000e-07	-4.827843e-06	-1.579457e-08	-3.312928e+01	-1.038722e+03
5.100000e-07	-4.696034e-06	-1.571996e-08	-3.222478e+01	-1.032684e+03
5.200000e-07	-4.562508e-06	-1.563680e-08	-3.130851e+01	-1.026370e+03
5.300000e-07	-4.427321e-06	-1.554617e-08	-3.038084e+01	-1.020256e+03
5.400000e-07	-4.290441e-06	-1.544579e-08	-2.944155e+01	-1.014604e+03
5.500000e-07	-4.151964e-06	-1.534387e-08	-2.849130e+01	-1.009303e+03
5.600000e-07	-4.011953e-06	-1.525022e-08	-2.753054e+01	-1.003908e+03
5.700000e-07	-3.870229e-06	-1.516219e-08	-2.655800e+01	-9.978735e+02
5.800000e-07	-3.726943e-06	-1.506427e-08	-2.557476e+01	-9.908495e+02
5.900000e-07	-3.582363e-06	-1.494667e-08	-2.458263e+01	-9.828836e+02
6.000000e-07	-3.436515e-06	-1.482222e-08	-2.358180e+01	-9.744075e+02
6.100000e-07	-3.289391e-06	-1.469986e-08	-2.257222e+01	-9.660062e+02
6.200000e-07	-3.141095e-06	-1.458190e-08	-2.155459e+01	-9.580891e+02
6.300000e-07	-2.991803e-06	-1.445520e-08	-2.053013e+01	-9.506409e+02
6.400000e-07	-2.841556e-06	-1.432538e-08	-1.949912e+01	-9.431985e+02
6.500000e-07	-2.690329e-06	-1.418952e-08	-1.846138e+01	-9.350780e+02
6.600000e-07	-2.538112e-06	-1.404849e-08	-1.741684e+01	-9.257392e+02
6.700000e-07	-2.384901e-06	-1.389641e-08	-1.636549e+01	-9.150897e+02
6.800000e-07	-2.230780e-06	-1.373460e-08	-1.530790e+01	-9.035531e+02
6.900000e-07	-2.075884e-06	-1.357310e-08	-1.424498e+01	-8.918477e+02
7.000000e-07	-1.920368e-06	-1.341090e-08	-1.317781e+01	-8.805797e+02
7.100000e-07	-1.764278e-06	-1.323980e-08	-1.210670e+01	-8.698691e+02
7.200000e-07	-1.607479e-06	-1.304791e-08	-1.103073e+01	-8.592231e+02
7.300000e-07	-1.450005e-06	-1.284263e-08	-9.950118e+00	-8.477479e+02
7.400000e-07	-1.292018e-06	-1.263004e-08	-8.865990e+00	-8.346069e+02
7.500000e-07	-1.133538e-06	-1.241697e-08	-7.778483e+00	-8.194836e+02
7.600000e-07	-9.745576e-07	-1.219283e-08	-6.687538e+00	-8.027839e+02
7.700000e-07	-8.152297e-07	-1.195353e-08	-5.594210e+00	-7.854333e+02
7.800000e-07	-6.556755e-07	-1.170175e-08	-4.499329e+00	-7.683411e+02
7.900000e-07	-4.959211e-07	-1.143160e-08	-3.403074e+00	-7.518018e+02
8.000000e-07	-3.359654e-07	-1.113857e-08	-2.305437e+00	-7.351706e+02
8.100000e-07	-1.758565e-07	-1.081881e-08	-1.206750e+00	-7.170365e+02
8.200000e-07	-1.572039e-08	-1.047937e-08	-1.078753e-01	-6.958581e+02
8.300000e-07	1.444188e-07	-1.012032e-08	9.910200e-01	-6.707528e+02
8.400000e-07	3.045173e-07	-9.732871e-09	2.089636e+00	-6.419863e+02
8.500000e-07	4.644794e-07	-9.299575e-09	3.187317e+00	-6.107903e+02
8.600000e-07	6.242868e-07	-8.810023e-09	4.283935e+00	-5.784363e+02
8.700000e-07	7.838689e-07	-8.252812e-09	5.379008e+00	-5.448862e+02
8.800000e-07	9.431180e-07	-7.608468e-09	6.471796e+00	-5.076389e+02
8.900000e-07	1.102044e-06	-6.840847e-09	7.562369e+00	-4.614316e+02
9.000000e-07	1.260613e-06	-5.888554e-09	8.650487e+00	-3.991836e+02
9.100000e-07	1.418673e-06	-4.657272e-09	9.735115e+00	-3.140668e+02
9.200000e-07	1.576093e-06	-3.008518e-09	1.081535e+01	-2.020712e+02
9.300000e-07	1.732893e-06	-8.842118e-10	1.189133e+01	-6.412392e+01
9.400000e-07	1.889173e-06	1.522097e-09	1.296374e+01	9.311668e+01
9.500000e-07	2.044825e-06	3.996669e-09	1.403185e+01	2.582357e+02
9.600000e-07	2.199733e-06	6.455941e-09	1.509485e+01	4.176024e+02
9.700000e-07	2.353946e-06	8.647280e-09	1.615308e+01	5.586776e+02
9.800000e-07	2.507356e-06	1.029931e-08	1.720580e+01	6.729869e+02
9.900000e-07	2.659797e-06	1.144756e-08	1.825187e+01	7.577808e+02
1.000000e-06	2.811190e-06	1.226766e-08	1.929074e+01	8.159030e+02
1.010000e-06	2.961447e-06	1.287648e-08	2.032183e+01	8.540515e+02
1.020000e-06	3.110561e-06	1.334195e-08	2.134506e+01	8.801799e+02
1.030000e-06	3.258604e-06	1.371440e-08	2.236096e+01	9.010263e+02
1.040000e-06	3.405537e-06	1.402526e-08	2.336923e+01	9.205961e+02
1.050000e-06	3.551257e-06	1.428774e-08	2.436918e+01	9.399599e+02
1.060000e-06	3.695718e-06	1.451265e-08	2.536049e+01	9.581723e+02
1.070000e-06	3.838867e-06	1.471156e-08	2.634280e+01	9.737102e+02
1.080000e-06	3.980561e-06	1.489418e-08	2.731512e+01	9.857247e+02
1.090000e-06	4.120720e-06	1.505879e-08	2.827691e+01	9.946053e+02
1.100000e-06	4.259320e-06	1.520404e-08	2.922800e+01	1.001748e+03
1.110000e-06	4.396281e-06	1.533556e-08	3.016784e+01	1.008796e+03
1.120000e-06	4.531603e-06	1.546221e-08	3.109644e+01	1.016834e+03
1.130000e-06	4.665320e-06	1.558623e-08	3.201402e+01	1.025948e+03
1.140000e-06	4.797396e-06	1.570349e-08	3.292034e+01	1.035348e+03
1.150000e-06	4.927754e-06	1.581095e-08	3.381488e+01	1.043911e+03
1.160000e-06	5.056307e-06	1.590952e-08	3.469702e+01	1.050839e+03
1.170000e-06	5.183047e-06	1.600424e-08	3.556673e+01	1.056076e+03
1.180000e-06	5.308032e-06	1.609452e-08	3.642439e+01	1.060288e+03
1.190000e-06	5.431182e-06	1.618134e-08	3.726946e+01	1.064468e+03
1.200000e-06	5.552432e-06	1.626555e-08	3.810150e+01	1.069395e+03
1.210000e-06	5.671650e-06	1.634937e-08	3.891959e+01	1.075245e+03
1.220000e-06	5.788659e-06	1.643124e-08	3.972252e+01	1.081548e+03
1.230000e-06	5.903426e-06	1.650542e-08	4.051006e+01	1.087484e+03
1.240000e-06	6.015949e-06	1.656923e-08	4.128221e+01	1.092346e+03
1.250000e-06	6.126327e-06	1.662705e-08	4.203964e+01	1.095911e+03
1.260000e-06	6.234579e-06	1.668447e-08	4.278247e+01	1.098535e+03
1.270000e-06	6.340689e-06	1.674287e-08	4.351061e+01	1.100937e+03
1.280000e-06	6.444554e-06	1.679923e-08	4.422335e+01	1.103799e+03
1.290000e-06	6.546002e-06	1.685246e-08	4.491950e+01	1.107419e+03
1.300000e-06	6.645062e-06	1.690447e-08	4.559926e+01	1.111570e+03
1.310000e-06	6.741676e-06	1.695316e-08	4.626224e+01	1.115664e+03
1.320000e-06	6.835915e-06	1.699477e-08	4.690892e+01	1.119081e+03
1.330000e-06	6.927826e-06	1.702985e-08	4.753962e+01	1.121509e+03
1.340000e-06	7.017241e-06	1.706591e-08	4.815320e+01	1.123103e+03
1.350000e-06	7.104174e-06	1.710575e-08	4.874975e+01	1.124382e+03
1.360000e-06	7.188710e-06	1.714446e-08	4.932984e+01	1.125943e+03
1.370000e-06	7.270771e-06	1.717835e-08	4.989296e+01	1.128142e+03
1.380000e-06	7.350199e-06	1.720889e-08	5.043800e+01	1.130911e+03
1.390000e-06	7.426911e-06	1.723888e-08	5.096441e+01	1.133820e+03
1.400000e-06	7.500811e-06	1.726865e-08	5.147152e+01	1.136315e+03
1.410000e-06	7.571959e-06	1.729629e-08	5.195975e+01	1.138027e+03
1.420000e-06	7.640495e-06	1.731979e-08	5.243005e+01	1.138964e+03
1.430000e-06	7.706259e-06	1.734291e-08	5.288133e+01	1.139496e+03
1.440000e-06	7.769259e-06	1.736669e-08	5.331364e+01	1.140149e+03
1.450000e-06	7.829653e-06	1.738744e-08	5.372808e+01	1.141320e+03
1.460000e-06	7.887260e-06	1.740502e-08	5.412338e+01	1.143072e+03
1.470000e-06	7.941996e-06	1.742186e-08	5.449899e+01	1.145108e+03
1.480000e-06	7.993611e-06	1.744177e-08	5.485318e+01	1.146945e+03
1.490000e-06	8.041972e-06	1.746204e-08	5.518504e+01	1.148176e+03
1.500000e-06	8.087510e-06	1.747870e-08	5.549752e+01	1.148686e+03
1.510000e-06	8.130220e-06	1.749252e-08	5.579061e+01	1.148705e+03
1.520000e-06	8.169948e-06	1.750667e-08	5.606322e+01	1.148675e+03
1.530000e-06	8.206864e-06	1.751974e-08	5.631655e+01	1.149003e+03
1.540000e-06	8.240968e-06	1.752879e-08	5.655057e+01	1.149850e+03
1.550000e-06	8.272197e-06	1.753604e-08	5.676487e+01	1.151044e+03
1.560000e-06	8.300597e-06	1.754509e-08	5.695976e+01	1.152188e+03
1.570000e-06	8.325998e-06	1.755462e-08	5.713406e+01	1.152877e+03
1.580000e-06	8.348406e-06	1.756162e-08	5.728783e+01	1.152920e+03
1.590000e-06	8.367976e-06	1.756585e-08	5.742211e+01	1.152443e+03
1.600000e-06	8.384568e-06	1.756893e-08	5.753598e+01	1.151814e+03
1.610000e-06	8.398076e-06	1.757478e-08	5.762867e+01	1.151441e+03
1.620000e-06	8.408312e-06	1.758037e-08	5.769891e+01	1.151554e+03
1.630000e-06	8.415384e-06	1.758316e-08	5.774744e+01	1.152085e+03
1.640000e-06	8.419593e-06	1.758361e-08	5.777632e+01	1.152705e+03
1.650000e-06	8.420823e-06	1.758591e-08	5.778476e+01	1.153010e+03
1.660000e-06	8.419198e-06	1.757941e-08	5.777361e+01	1.152733e+03
1.670000e-06	8.414854e-06	1.757010e-08	5.774380e+01	1.151887e+03
1.680000e-06	8.407652e-06	1.756541e-08	5.769438e+01	1.150752e+03
1.690000e-06	8.397615e-06	1.756107e-08	5.762551e+01	1.149715e+03
1.700000e-06	8.384644e-06	1.756163e-08	5.753649e+01	1.149063e+03
1.710000e-06	8.368853e-06	1.757997e-08	5.742814e+01	1.148833e+03
1.720000e-06	8.350559e-06	1.761634e-08	5.730260e+01	1.148797e+03
1.730000e-06	8.329529e-06	1.750866e-08	5.715829e+01	1.148595e+03
1.740000e-06	8.305000e-06	1.741868e-08	5.698997e+01	1.147934e+03
1.750000e-06	8.276430e-06	1.745735e-08	5.679392e+01	1.146746e+03
1.760000e-06	8.244387e-06	1.744730e-08	5.657403e+01	1.145220e+03
1.770000e-06	8.209825e-06	1.741951e-08	5.633687e+01	1.143693e+03
1.780000e-06	8.173036e-06	1.753238e-08	5.608441e+01	1.142461e+03
1.790000e-06	8.134138e-06	1.745802e-08	5.581749e+01	1.141621e+03
1.800000e-06	8.092885e-06	1.737365e-08	5.553441e+01	1.141025e+03
1.810000e-06	8.048699e-06	1.748513e-08	5.523120e+01	1.140370e+03
1.820000e-06	8.001746e-06	1.732073e-08	5.490900e+01	1.139375e+03
1.830000e-06	7.951720e-06	1.737878e-08	5.456571e+01	1.137944e+03
1.840000e-06	7.898321e-06	1.734209e-08	5.419928e+01	1.136218e+03
1.850000e-06	7.842046e-06	1.728140e-08	5.381312e+01	1.134487e+03
1.860000e-06	7.782941e-06	1.739245e-08	5.340754e+01	1.133022e+03
1.870000e-06	7.721216e-06	1.725661e-08	5.298397e+01	1.131899e+03
1.880000e-06	7.656649e-06	1.731977e-08	5.254090e+01	1.130944e+03
1.890000e-06	7.589052e-06	1.721762e-08	5.207704e+01	1.129807e+03
1.900000e-06	7.518670e-06	1.719940e-08	5.159407e+01	1.128149e+03
1.910000e-06	7.445382e-06	1.720947e-08	5.109116e+01	1.125832e+03
1.920000e-06	7.369300e-06	1.711310e-08	5.056908e+01	1.123001e+03
1.930000e-06	7.290389e-06	1.718315e-08	5.002758e+01	1.120019e+03
1.940000e-06	7.208891e-06	1.705456e-08	4.946833e+01	1.117282e+03
1.950000e-06	7.124898e-06	1.708051e-08	4.889196e+01	1.115005e+03
1.960000e-06	7.038143e-06	1.698917e-08	4.829664e+01	1.113106e+03
1.970000e-06	6.948867e-06	1.692286e-08	4.768401e+01	1.111248e+03
1.980000e-06	6.857146e-06	1.693135e-08	4.705461e+01	1.109010e+03
1.990000e-06	6.763103e-06	1.687646e-08	4.640928e+01	1.106123e+03
2.000000e-06	6.666778e-06	1.689082e-08	4.574828e+01	1.102609e+03
2.010000e-06	6.568099e-06	1.677359e-08	4.507113e+01	1.098778e+03
2.020000e-06	6.467011e-06	1.674734e-08	4.437745e+01	1.095060e+03
2.030000e-06	6.363482e-06	1.666080e-08	4.366703e+01	1.091773e+03
2.040000e-06	6.257645e-06	1.664043e-08	4.294076e+01	1.088947e+03
2.050000e-06	6.149630e-06	1.658824e-08	4.219955e+01	1.086302e+03
2.060000e-06	6.039499e-06	1.653265e-08	4.144381e+01	1.083395e+03
2.070000e-06	5.927164e-06	1.649784e-08	4.067295e+01	1.079856e+03
2.080000e-06	5.812489e-06	1.642429e-08	3.988604e+01	1.075589e+03
2.090000e-06	5.695456e-06	1.636951e-08	3.908294e+01	1.070824e+03
2.100000e-06	5.576319e-06	1.626905e-08	3.826541e+01	1.065991e+03
2.110000e-06	5.455223e-06	1.622218e-08	3.743443e+01	1.061484e+03
2.120000e-06	5.332201e-06	1.616213e-08	3.659024e+01	1.057435e+03
2.130000e-06	5.207217e-06	1.611880e-08	3.573259e+01	1.053639e+03
2.140000e-06	5.080372e-06	1.602969e-08	3.486216e+01	1.049652e+03
2.150000e-06	4.951728e-06	1.594144e-08	3.397939e+01	1.045037e+03
2.160000e-06	4.821309e-06	1.585841e-08	3.308443e+01	1.039602e+03
2.170000e-06	4.689098e-06	1.578808e-08	3.217719e+01	1.033510e+03
2.180000e-06	4.555176e-06	1.571083e-08	3.125820e+01	1.027196e+03
2.190000e-06	4.419745e-06	1.562420e-08	3.032885e+01	1.021125e+03
2.200000e-06	4.282657e-06	1.554048e-08	2.938814e+01	1.015523e+03
2.210000e-06	4.143891e-06	1.544798e-08	2.843591e+01	1.010237e+03
2.220000e-06	4.003517e-06	1.534716e-08	2.747264e+01	1.004798e+03
2.230000e-06	3.861674e-06	1.522956e-08	2.649930e+01	9.986677e+02
2.240000e-06	3.718504e-06	1.512592e-08	2.551685e+01	9.915324e+02
2.250000e-06	3.574024e-06	1.503106e-08	2.452541e+01	9.834855e+02
2.260000e-06	3.428231e-06	1.493683e-08	2.352496e+01	9.749894e+02
2.270000e-06	3.281163e-06	1.481695e-08	2.251576e+01	9.666261e+02
2.280000e-06	3.132821e-06	1.468466e-08	2.149782e+01	9.587683e+02
2.290000e-06	2.983331e-06	1.454884e-08	2.047199e+01	9.513490e+02
2.300000e-06	2.832909e-06	1.442214e-08	1.943978e+01	9.438670e+02
2.310000e-06	2.681615e-06	1.428584e-08	1.840158e+01	9.356355e+02
2.320000e-06	2.529414e-06	1.414304e-08	1.735716e+01	9.261507e+02
2.330000e-06	2.376203e-06	1.399612e-08	1.630581e+01	9.153775e+02
2.340000e-06	2.222032e-06	1.384568e-08	1.524787e+01	9.037865e+02
2.350000e-06	2.067079e-06	1.368112e-08	1.418456e+01	8.921046e+02
2.360000e-06	1.911433e-06	1.349971e-08	1.311650e+01	8.809011e+02
2.370000e-06	1.755050e-06	1.331746e-08	1.204337e+01	8.702306e+02
2.380000e-06	1.597991e-06	1.313930e-08	1.096561e+01	8.595415e+02
2.390000e-06	1.440334e-06	1.295694e-08	9.883757e+00	8.479217e+02
2.400000e-06	1.282142e-06	1.275212e-08	8.798222e+00	8.345707e+02
2.410000e-06	1.123546e-06	1.252952e-08	7.709918e+00	8.192464e+02
2.420000e-06	9.646296e-07	1.229714e-08	6.619411e+00	8.024273e+02
2.430000e-06	8.053871e-07	1.205921e-08	5.526669e+00	7.850668e+02
2.440000e-06	6.459014e-07	1.180765e-08	4.432258e+00	7.680348e+02
2.450000e-06	4.862085e-07	1.153712e-08	3.336425e+00	7.515330e+02
2.460000e-06	3.263297e-07	1.124986e-08	2.239316e+00	7.348168e+02
2.470000e-06	1.664164e-07	1.094602e-08	1.141970e+00	7.164246e+02
2.480000e-06	6.493476e-09	1.061530e-08	4.455906e-02	6.948493e+02
2.490000e-06	-1.534854e-07	1.024788e-08	-1.053236e+00	6.693172e+02
2.500000e-06	-3.134255e-07	9.846047e-09	-2.150766e+00	6.402204e+02
2.510000e-06	-4.731802e-07	9.414116e-09	-3.247023e+00	6.088504e+02
2.520000e-06	-6.327760e-07	8.938142e-09	-4.342189e+00	5.764056e+02
2.530000e-06	-7.922262e-07	8.388446e-09	-5.436357e+00	5.426290e+02
2.540000e-06	-9.513986e-07	7.739702e-09	-6.528618e+00	5.047175e+02
2.550000e-06	-1.110194e-06	6.968741e-09	-7.618290e+00	4.571459e+02
2.560000e-06	-1.268571e-06	6.020890e-09	-8.705097e+00	3.927457e+02
2.570000e-06	-1.426478e-06	4.792356e-09	-9.788674e+00	3.048677e+02
2.580000e-06	-1.583883e-06	3.136225e-09	-1.086881e+01	1.899464e+02
2.590000e-06	-1.740670e-06	9.696424e-10	-1.194470e+01	4.951466e+01
2.600000e-06	-1.896733e-06	-1.541500e-09	-1.301562e+01	-1.091812e+02
2.610000e-06	-2.052199e-06	-4.125375e-09	-1.408245e+01	-2.743453e+02
2.620000e-06	-2.206958e-06	-6.633577e-09	-1.514442e+01	-4.323022e+02
2.630000e-06	-2.360777e-06	-8.845747e-09	-1.619995e+01	-5.708222e+02
2.640000e-06	-2.513634e-06	-1.050886e-08	-1.724888e+01	-6.819947e+02
2.650000e-06	-2.665544e-06	-1.165405e-08	-1.829130e+01	-7.637080e+02
2.660000e-06	-2.816599e-06	-1.247070e-08	-1.932786e+01	-8.193251e+02
2.670000e-06	-2.966784e-06	-1.308424e-08	-2.035845e+01	-8.558087e+02
2.680000e-06	-3.115880e-06	-1.355446e-08	-2.138156e+01	-8.810893e+02
2.690000e-06	-3.263746e-06	-1.392221e-08	-2.239624e+01	-9.016624e+02
2.700000e-06	-3.410426e-06	-1.422491e-08	-2.340278e+01	-9.212056e+02
2.710000e-06	-3.555936e-06	-1.448732e-08	-2.440129e+01	-9.405143e+02
2.720000e-06	-3.700154e-06	-1.471578e-08	-2.539093e+01	-9.585101e+02
2.730000e-06	-3.843007e-06	-1.490750e-08	-2.637121e+01	-9.736914e+02
2.740000e-06	-3.984452e-06	-1.507346e-08	-2.734182e+01	-9.853296e+02
2.750000e-06	-4.124388e-06	-1.523186e-08	-2.830208e+01	-9.939458e+02
2.760000e-06	-4.262724e-06	-1.538558e-08	-2.925135e+01	-1.001004e+03
2.770000e-06	-4.399410e-06	-1.552459e-08	-3.018931e+01	-1.008122e+03
2.780000e-06	-4.534482e-06	-1.564639e-08	-3.111619e+01	-1.016290e+03
2.790000e-06	-4.668000e-06	-1.576015e-08	-3.203241e+01	-1.025485e+03
2.800000e-06	-4.799911e-06	-1.587252e-08	-3.293760e+01	-1.034849e+03
2.810000e-06	-4.930129e-06	-1.598046e-08	-3.383117e+01	-1.043264e+03
2.820000e-06	-5.058571e-06	-1.607505e-08	-3.471256e+01	-1.049999e+03
2.830000e-06	-5.185198e-06	-1.616170e-08	-3.558149e+01	-1.055084e+03
2.840000e-06	-5.309991e-06	-1.625007e-08	-3.643783e+01	-1.059245e+03
2.850000e-06	-5.432897e-06	-1.633767e-08	-3.728123e+01	-1.063477e+03
2.860000e-06	-5.553877e-06	-1.641701e-08	-3.811141e+01	-1.068507e+03
2.870000e-06	-5.672909e-06	-1.648756e-08	-3.892823e+01	-1.074439e+03
2.880000e-06	-5.789793e-06	-1.655747e-08	-3.973030e+01	-1.080744e+03
2.890000e-06	-5.904202e-06	-1.663050e-08	-4.051539e+01	-1.086592e+03
2.900000e-06	-6.016157e-06	-1.669932e-08	-4.128364e+01	-1.091315e+03
2.910000e-06	-6.125900e-06	-1.675685e-08	-4.203671e+01	-1.094754e+03
2.920000e-06	-6.233631e-06	-1.680809e-08	-4.277597e+01	-1.097318e+03
2.930000e-06	-6.339327e-06	-1.685963e-08	-4.350127e+01	-1.099741e+03
2.940000e-06	-6.442685e-06	-1.691133e-08	-4.421053e+01	-1.102680e+03
2.950000e-06	-6.543600e-06	-1.695949e-08	-4.490301e+01	-1.106376e+03
2.960000e-06	-6.642269e-06	-1.700336e-08	-4.558010e+01	-1.110554e+03
2.970000e-06	-6.738752e-06	-1.704739e-08	-4.624218e+01	-1.114602e+03
2.980000e-06	-6.832814e-06	-1.709295e-08	-4.688764e+01	-1.117920e+03
2.990000e-06	-6.924337e-06	-1.713301e-08	-4.751568e+01	-1.120244e+03
3.000000e-06	-7.013471e-06	-1.716554e-08	-4.812733e+01	-1.121775e+03
3.010000e-06	-7.100253e-06	-1.719637e-08	-4.872284e+01	-1.123058e+03
3.020000e-06	-7.184485e-06	-1.722976e-08	-4.930085e+01	-1.124678e+03
3.030000e-06	-7.266133e-06	-1.726219e-08	-4.986113e+01	-1.126949e+03
3.040000e-06	-7.345193e-06	-1.729113e-08	-5.040365e+01	-1.129759e+03
3.050000e-06	-7.421478e-06	-1.731864e-08	-5.092713e+01	-1.132649e+03
3.060000e-06	-7.494943e-06	-1.734718e-08	-5.143125e+01	-1.135072e+03
3.070000e-06	-7.565619e-06	-1.737493e-08	-5.191624e+01	-1.136694e+03
3.080000e-06	-7.633576e-06	-1.739811e-08	-5.238257e+01	-1.137565e+03
3.090000e-06	-7.698964e-06	-1.741601e-08	-5.283127e+01	-1.138085e+03
3.100000e-06	-7.761709e-06	-1.743353e-08	-5.326183e+01	-1.138780e+03
3.110000e-06	-7.821609e-06	-1.745258e-08	-5.367288e+01	-1.140018e+03
3.120000e-06	-7.878700e-06	-1.747020e-08	-5.406465e+01	-1.141820e+03
3.130000e-06	-7.932870e-06	-1.748454e-08	-5.443636e+01	-1.143859e+03
3.140000e-06	-7.983953e-06	-1.749925e-08	-5.478690e+01	-1.145647e+03
3.150000e-06	-8.031862e-06	-1.751708e-08	-5.511566e+01	-1.146801e+03
3.160000e-06	-8.076795e-06	-1.753141e-08	-5.542400e+01	-1.147242e+03
3.170000e-06	-8.119182e-06	-1.754041e-08	-5.571486e+01	-1.147234e+03
3.180000e-06	-8.158903e-06	-1.754658e-08	-5.598743e+01	-1.147225e+03
3.190000e-06	-8.195685e-06	-1.755324e-08	-5.623984e+01	-1.147607e+03
3.200000e-06	-8.229642e-06	-1.755949e-08	-5.647285e+01	-1.148505e+03
3.210000e-06	-8.260703e-06	-1.756325e-08	-5.668600e+01	-1.149716e+03
3.220000e-06	-8.288699e-06	-1.756526e-08	-5.687811e+01	-1.150828e+03
3.230000e-06	-8.313800e-06	-1.756873e-08	-5.705035e+01	-1.151452e+03
3.240000e-06	-8.335949e-06	-1.757288e-08	-5.720235e+01	-1.151429e+03
3.250000e-06	-8.355160e-06	-1.757419e-08	-5.733417e+01	-1.150915e+03
3.260000e-06	-8.371504e-06	-1.757194e-08	-5.744633e+01	-1.150296e+03
3.270000e-06	-8.384664e-06	-1.756895e-08	-5.753663e+01	-1.149969e+03
3.280000e-06	-8.394637e-06	-1.756695e-08	-5.760507e+01	-1.150137e+03
3.290000e-06	-8.401595e-06	-1.756219e-08	-5.765282e+01	-1.150696e+03
3.300000e-06	-8.405547e-06	-1.755306e-08	-5.767994e+01	-1.151302e+03
3.310000e-06	-8.406622e-06	-1.754068e-08	-5.768731e+01	-1.151553e+03
