# Temperatura_=_39.2
# Concentracion g/m^3_=_19800.0
# C_Vs_to_Am_M_A/Vsm_=_65563218390.804596
# pendiente_HvsI_1/m_=_3716.3
# ordenada_HvsI_A/m_=_1297.0
# frecuencia_Hz_=_301695.00879319425

Tiempo_(s)	Campo_(V.s)	Magnetizacion_(V.s)	Campo_(kA/m)	Magnetizacion_(A/m)
0.000000e+00	-8.209587e-06	-1.817193e-08	-5.756186e+01	-1.193780e+03
1.000000e-08	-8.206730e-06	-1.817180e-08	-5.754183e+01	-1.193629e+03
2.000000e-08	-8.201165e-06	-1.816742e-08	-5.750281e+01	-1.193126e+03
3.000000e-08	-8.193033e-06	-1.816274e-08	-5.744579e+01	-1.192424e+03
4.000000e-08	-8.182021e-06	-1.815861e-08	-5.736858e+01	-1.191739e+03
5.000000e-08	-8.168033e-06	-1.815215e-08	-5.727050e+01	-1.191230e+03
6.000000e-08	-8.151120e-06	-1.813883e-08	-5.715191e+01	-1.190911e+03
7.000000e-08	-8.131635e-06	-1.811497e-08	-5.701529e+01	-1.190658e+03
8.000000e-08	-8.109665e-06	-1.812242e-08	-5.686125e+01	-1.190286e+03
9.000000e-08	-8.084619e-06	-1.816150e-08	-5.668564e+01	-1.189666e+03
1.000000e-07	-8.056282e-06	-1.814621e-08	-5.648695e+01	-1.188796e+03
1.100000e-07	-8.024941e-06	-1.810440e-08	-5.626721e+01	-1.187808e+03
1.200000e-07	-7.990691e-06	-1.808921e-08	-5.602706e+01	-1.186878e+03
1.300000e-07	-7.953679e-06	-1.808334e-08	-5.576755e+01	-1.186129e+03
1.400000e-07	-7.914323e-06	-1.803579e-08	-5.549161e+01	-1.185546e+03
1.500000e-07	-7.872586e-06	-1.801014e-08	-5.519897e+01	-1.184987e+03
1.600000e-07	-7.828080e-06	-1.804521e-08	-5.488691e+01	-1.184259e+03
1.700000e-07	-7.780787e-06	-1.799054e-08	-5.455531e+01	-1.183236e+03
1.800000e-07	-7.730701e-06	-1.800559e-08	-5.420413e+01	-1.181934e+03
1.900000e-07	-7.677552e-06	-1.799178e-08	-5.383147e+01	-1.180509e+03
2.000000e-07	-7.621466e-06	-1.792614e-08	-5.343823e+01	-1.179168e+03
2.100000e-07	-7.562582e-06	-1.793063e-08	-5.302536e+01	-1.178041e+03
2.200000e-07	-7.500983e-06	-1.789682e-08	-5.259346e+01	-1.177099e+03
2.300000e-07	-7.436752e-06	-1.790141e-08	-5.214310e+01	-1.176141e+03
2.400000e-07	-7.369730e-06	-1.786324e-08	-5.167317e+01	-1.174901e+03
2.500000e-07	-7.299970e-06	-1.783232e-08	-5.118404e+01	-1.173180e+03
2.600000e-07	-7.227505e-06	-1.780624e-08	-5.067595e+01	-1.170967e+03
2.700000e-07	-7.152217e-06	-1.776824e-08	-5.014807e+01	-1.168456e+03
2.800000e-07	-7.074019e-06	-1.774337e-08	-4.959978e+01	-1.165952e+03
2.900000e-07	-6.992991e-06	-1.769585e-08	-4.903165e+01	-1.163718e+03
3.000000e-07	-6.909487e-06	-1.768339e-08	-4.844616e+01	-1.161828e+03
3.100000e-07	-6.823781e-06	-1.765439e-08	-4.784522e+01	-1.160125e+03
3.200000e-07	-6.735777e-06	-1.761619e-08	-4.722818e+01	-1.158292e+03
3.300000e-07	-6.645319e-06	-1.756621e-08	-4.659393e+01	-1.156016e+03
3.400000e-07	-6.552464e-06	-1.751335e-08	-4.594287e+01	-1.153155e+03
3.500000e-07	-6.457294e-06	-1.748721e-08	-4.527559e+01	-1.149812e+03
3.600000e-07	-6.359766e-06	-1.745275e-08	-4.459177e+01	-1.146292e+03
3.700000e-07	-6.259895e-06	-1.740536e-08	-4.389151e+01	-1.142935e+03
3.800000e-07	-6.157814e-06	-1.734878e-08	-4.317577e+01	-1.139937e+03
3.900000e-07	-6.053487e-06	-1.730354e-08	-4.244428e+01	-1.137244e+03
4.000000e-07	-5.946974e-06	-1.725421e-08	-4.169745e+01	-1.134567e+03
4.100000e-07	-5.838361e-06	-1.719616e-08	-4.093591e+01	-1.131540e+03
4.200000e-07	-5.727637e-06	-1.713939e-08	-4.015957e+01	-1.127906e+03
4.300000e-07	-5.614688e-06	-1.708871e-08	-3.936762e+01	-1.123657e+03
4.400000e-07	-5.499510e-06	-1.704024e-08	-3.856004e+01	-1.119039e+03
4.500000e-07	-5.382335e-06	-1.697675e-08	-3.773846e+01	-1.114419e+03
4.600000e-07	-5.263217e-06	-1.690223e-08	-3.690327e+01	-1.110081e+03
4.700000e-07	-5.142096e-06	-1.682863e-08	-3.605402e+01	-1.106072e+03
4.800000e-07	-5.019042e-06	-1.676315e-08	-3.519122e+01	-1.102161e+03
4.900000e-07	-4.894181e-06	-1.669953e-08	-3.431575e+01	-1.097962e+03
5.000000e-07	-4.767527e-06	-1.662506e-08	-3.342771e+01	-1.093133e+03
5.100000e-07	-4.639157e-06	-1.653954e-08	-3.252764e+01	-1.087563e+03
5.200000e-07	-4.509147e-06	-1.645484e-08	-3.161607e+01	-1.081433e+03
5.300000e-07	-4.377447e-06	-1.637166e-08	-3.069265e+01	-1.075117e+03
5.400000e-07	-4.244198e-06	-1.628276e-08	-2.975837e+01	-1.068980e+03
5.500000e-07	-4.109519e-06	-1.618367e-08	-2.881406e+01	-1.063169e+03
5.600000e-07	-3.973334e-06	-1.608737e-08	-2.785919e+01	-1.057523e+03
5.700000e-07	-3.835608e-06	-1.599235e-08	-2.689352e+01	-1.051646e+03
5.800000e-07	-3.696412e-06	-1.588880e-08	-2.591755e+01	-1.045121e+03
5.900000e-07	-3.555721e-06	-1.576950e-08	-2.493109e+01	-1.037730e+03
6.000000e-07	-3.413475e-06	-1.564671e-08	-2.393372e+01	-1.029576e+03
6.100000e-07	-3.269858e-06	-1.553363e-08	-2.292675e+01	-1.021032e+03
6.200000e-07	-3.125097e-06	-1.542174e-08	-2.191174e+01	-1.012531e+03
6.300000e-07	-2.979259e-06	-1.529728e-08	-2.088920e+01	-1.004315e+03
6.400000e-07	-2.832319e-06	-1.515671e-08	-1.985892e+01	-9.962821e+02
6.500000e-07	-2.684365e-06	-1.501440e-08	-1.882154e+01	-9.880194e+02
6.600000e-07	-2.535555e-06	-1.486804e-08	-1.777815e+01	-9.790110e+02
6.700000e-07	-2.385941e-06	-1.471228e-08	-1.672912e+01	-9.689159e+02
6.800000e-07	-2.235486e-06	-1.454670e-08	-1.567421e+01	-9.577599e+02
6.900000e-07	-2.084215e-06	-1.438189e-08	-1.461356e+01	-9.459279e+02
7.000000e-07	-1.932213e-06	-1.421683e-08	-1.354779e+01	-9.339493e+02
7.100000e-07	-1.779501e-06	-1.404008e-08	-1.247705e+01	-9.221842e+02
7.200000e-07	-1.626049e-06	-1.384659e-08	-1.140111e+01	-9.105830e+02
7.300000e-07	-1.471931e-06	-1.363950e-08	-1.032051e+01	-8.986613e+02
7.400000e-07	-1.317306e-06	-1.343052e-08	-9.236344e+00	-8.857216e+02
7.500000e-07	-1.162293e-06	-1.321521e-08	-8.149468e+00	-8.712126e+02
7.600000e-07	-1.006944e-06	-1.298370e-08	-7.060232e+00	-8.550312e+02
7.700000e-07	-8.512613e-07	-1.273072e-08	-5.968654e+00	-8.375852e+02
7.800000e-07	-6.952636e-07	-1.246412e-08	-4.874870e+00	-8.195539e+02
7.900000e-07	-5.390247e-07	-1.218789e-08	-3.779394e+00	-8.014537e+02
8.000000e-07	-3.826608e-07	-1.189385e-08	-2.683042e+00	-7.832378e+02
8.100000e-07	-2.261683e-07	-1.157584e-08	-1.585788e+00	-7.641681e+02
8.200000e-07	-6.947622e-08	-1.123575e-08	-4.871354e-01	-7.430701e+02
8.300000e-07	8.726510e-08	-1.087231e-08	6.118629e-01	-7.188690e+02
8.400000e-07	2.439143e-07	-1.047234e-08	1.710215e+00	-6.911213e+02
8.500000e-07	4.004694e-07	-1.002512e-08	2.807908e+00	-6.601980e+02
8.600000e-07	5.568986e-07	-9.525458e-09	3.904717e+00	-6.269044e+02
8.700000e-07	7.131008e-07	-8.972043e-09	4.999936e+00	-5.915873e+02
8.800000e-07	8.690126e-07	-8.348475e-09	6.093118e+00	-5.530838e+02
8.900000e-07	1.024635e-06	-7.619257e-09	7.184269e+00	-5.080331e+02
9.000000e-07	1.179975e-06	-6.734920e-09	8.273443e+00	-4.510292e+02
9.100000e-07	1.334976e-06	-5.626233e-09	9.360239e+00	-3.757944e+02
9.200000e-07	1.489501e-06	-4.174208e-09	1.044370e+01	-2.771359e+02
9.300000e-07	1.643485e-06	-2.257568e-09	1.152336e+01	-1.530619e+02
9.400000e-07	1.796844e-06	1.631472e-11	1.259865e+01	-6.270469e+00
9.500000e-07	1.949492e-06	2.403642e-09	1.366894e+01	1.556277e+02
9.600000e-07	2.101425e-06	4.825689e-09	1.473423e+01	3.213754e+02
9.700000e-07	2.252698e-06	7.254292e-09	1.579489e+01	4.785062e+02
9.800000e-07	2.403300e-06	9.438886e-09	1.685084e+01	6.162000e+02
9.900000e-07	2.552980e-06	1.110207e-08	1.790033e+01	7.276390e+02
1.000000e-06	2.701551e-06	1.226186e-08	1.894204e+01	8.111322e+02
1.010000e-06	2.849115e-06	1.308640e-08	1.997669e+01	8.697258e+02
1.020000e-06	2.995697e-06	1.370048e-08	2.100445e+01	9.095609e+02
1.030000e-06	3.141175e-06	1.417581e-08	2.202448e+01	9.376490e+02
1.040000e-06	3.285566e-06	1.455607e-08	2.303688e+01	9.598682e+02
1.050000e-06	3.428799e-06	1.487168e-08	2.404117e+01	9.798010e+02
1.060000e-06	3.570698e-06	1.514062e-08	2.503610e+01	9.986380e+02
1.070000e-06	3.711153e-06	1.537138e-08	2.602091e+01	1.015941e+03
1.080000e-06	3.850224e-06	1.556943e-08	2.699601e+01	1.030771e+03
1.090000e-06	3.987881e-06	1.574165e-08	2.796120e+01	1.042635e+03
1.100000e-06	4.124012e-06	1.589764e-08	2.891568e+01	1.051899e+03
1.110000e-06	4.258682e-06	1.604409e-08	2.985992e+01	1.059612e+03
1.120000e-06	4.391802e-06	1.618187e-08	3.079330e+01	1.066961e+03
1.130000e-06	4.523342e-06	1.630959e-08	3.171560e+01	1.074715e+03
1.140000e-06	4.653276e-06	1.642501e-08	3.262664e+01	1.082946e+03
1.150000e-06	4.781536e-06	1.652990e-08	3.352594e+01	1.091139e+03
1.160000e-06	4.908143e-06	1.662989e-08	3.441365e+01	1.098583e+03
1.170000e-06	5.033045e-06	1.672630e-08	3.528940e+01	1.104812e+03
1.180000e-06	5.156167e-06	1.681594e-08	3.615268e+01	1.109849e+03
1.190000e-06	5.277412e-06	1.690003e-08	3.700279e+01	1.114169e+03
1.200000e-06	5.396741e-06	1.698120e-08	3.783947e+01	1.118412e+03
1.210000e-06	5.514026e-06	1.705799e-08	3.866182e+01	1.123036e+03
1.220000e-06	5.629152e-06	1.712674e-08	3.946903e+01	1.128098e+03
1.230000e-06	5.742142e-06	1.718838e-08	4.026127e+01	1.133264e+03
1.240000e-06	5.853039e-06	1.724955e-08	4.103883e+01	1.138036e+03
1.250000e-06	5.961916e-06	1.731173e-08	4.180222e+01	1.142045e+03
1.260000e-06	6.068732e-06	1.737207e-08	4.255117e+01	1.145255e+03
1.270000e-06	6.173373e-06	1.742830e-08	4.328486e+01	1.147966e+03
1.280000e-06	6.275785e-06	1.748127e-08	4.400293e+01	1.150640e+03
1.290000e-06	6.375912e-06	1.753236e-08	4.470497e+01	1.153637e+03
1.300000e-06	6.473659e-06	1.757919e-08	4.539033e+01	1.157026e+03
1.310000e-06	6.569057e-06	1.762272e-08	4.605922e+01	1.160559e+03
1.320000e-06	6.662166e-06	1.766436e-08	4.671205e+01	1.163821e+03
1.330000e-06	6.752918e-06	1.770422e-08	4.734837e+01	1.166473e+03
1.340000e-06	6.841294e-06	1.774336e-08	4.796802e+01	1.168436e+03
1.350000e-06	6.927300e-06	1.777963e-08	4.857105e+01	1.169941e+03
1.360000e-06	7.010923e-06	1.781159e-08	4.915738e+01	1.171393e+03
1.370000e-06	7.092058e-06	1.784397e-08	4.972626e+01	1.173163e+03
1.380000e-06	7.170603e-06	1.787929e-08	5.027698e+01	1.175382e+03
1.390000e-06	7.246479e-06	1.791476e-08	5.080899e+01	1.177882e+03
1.400000e-06	7.319639e-06	1.794642e-08	5.132195e+01	1.180290e+03
1.410000e-06	7.390209e-06	1.797217e-08	5.181675e+01	1.182235e+03
1.420000e-06	7.458150e-06	1.799551e-08	5.229313e+01	1.183545e+03
1.430000e-06	7.523394e-06	1.801858e-08	5.275059e+01	1.184337e+03
1.440000e-06	7.586004e-06	1.804029e-08	5.318958e+01	1.184953e+03
1.450000e-06	7.645994e-06	1.806000e-08	5.361021e+01	1.185775e+03
1.460000e-06	7.703292e-06	1.808087e-08	5.401195e+01	1.187024e+03
1.470000e-06	7.757756e-06	1.810466e-08	5.439383e+01	1.188652e+03
1.480000e-06	7.809092e-06	1.812694e-08	5.475377e+01	1.190374e+03
1.490000e-06	7.857261e-06	1.814416e-08	5.509151e+01	1.191821e+03
1.500000e-06	7.902674e-06	1.815847e-08	5.540993e+01	1.192741e+03
1.510000e-06	7.945345e-06	1.817348e-08	5.570912e+01	1.193123e+03
1.520000e-06	7.985125e-06	1.818828e-08	5.598804e+01	1.193198e+03
1.530000e-06	8.022173e-06	1.820053e-08	5.624780e+01	1.193308e+03
1.540000e-06	8.056396e-06	1.820946e-08	5.648776e+01	1.193731e+03
1.550000e-06	8.087761e-06	1.821804e-08	5.670767e+01	1.194532e+03
1.560000e-06	8.116405e-06	1.822881e-08	5.690851e+01	1.195545e+03
1.570000e-06	8.142108e-06	1.824011e-08	5.708873e+01	1.196471e+03
1.580000e-06	8.164813e-06	1.825014e-08	5.724792e+01	1.197035e+03
1.590000e-06	8.184774e-06	1.825857e-08	5.738788e+01	1.197136e+03
1.600000e-06	8.201862e-06	1.826520e-08	5.750769e+01	1.196889e+03
1.610000e-06	8.215886e-06	1.826994e-08	5.760603e+01	1.196552e+03
1.620000e-06	8.226762e-06	1.827200e-08	5.768228e+01	1.196387e+03
1.630000e-06	8.234538e-06	1.827195e-08	5.773680e+01	1.196515e+03
1.640000e-06	8.239410e-06	1.827285e-08	5.777097e+01	1.196866e+03
1.650000e-06	8.241377e-06	1.827625e-08	5.778476e+01	1.197222e+03
1.660000e-06	8.240527e-06	1.827760e-08	5.777880e+01	1.197343e+03
1.670000e-06	8.237018e-06	1.827457e-08	5.775419e+01	1.197098e+03
1.680000e-06	8.230736e-06	1.827239e-08	5.771015e+01	1.196527e+03
1.690000e-06	8.221627e-06	1.826949e-08	5.764628e+01	1.195809e+03
1.700000e-06	8.209687e-06	1.826421e-08	5.756256e+01	1.195159e+03
1.710000e-06	8.194907e-06	1.825983e-08	5.745893e+01	1.194703e+03
1.720000e-06	8.177607e-06	1.826394e-08	5.733764e+01	1.194416e+03
1.730000e-06	8.157939e-06	1.824313e-08	5.719973e+01	1.194151e+03
1.740000e-06	8.135374e-06	1.817176e-08	5.704151e+01	1.193725e+03
1.750000e-06	8.109111e-06	1.816557e-08	5.685737e+01	1.193038e+03
1.760000e-06	8.078943e-06	1.819126e-08	5.664584e+01	1.192123e+03
1.770000e-06	8.045684e-06	1.818143e-08	5.641265e+01	1.191133e+03
1.780000e-06	8.010109e-06	1.817363e-08	5.616321e+01	1.190243e+03
1.790000e-06	7.972239e-06	1.821570e-08	5.589768e+01	1.189543e+03
1.800000e-06	7.932239e-06	1.816121e-08	5.561723e+01	1.188983e+03
1.810000e-06	7.890002e-06	1.813085e-08	5.532108e+01	1.188400e+03
1.820000e-06	7.844927e-06	1.816045e-08	5.500503e+01	1.187605e+03
1.830000e-06	7.797015e-06	1.809178e-08	5.466909e+01	1.186505e+03
1.840000e-06	7.746029e-06	1.813115e-08	5.431161e+01	1.185154e+03
1.850000e-06	7.691846e-06	1.808410e-08	5.393170e+01	1.183732e+03
1.860000e-06	7.634977e-06	1.807420e-08	5.353296e+01	1.182438e+03
1.870000e-06	7.575280e-06	1.809110e-08	5.311439e+01	1.181368e+03
1.880000e-06	7.512851e-06	1.803100e-08	5.267667e+01	1.180446e+03
1.890000e-06	7.447750e-06	1.806057e-08	5.222021e+01	1.179443e+03
1.900000e-06	7.379745e-06	1.799639e-08	5.174339e+01	1.178096e+03
1.910000e-06	7.308996e-06	1.798980e-08	5.124733e+01	1.176245e+03
1.920000e-06	7.235497e-06	1.795678e-08	5.073199e+01	1.173933e+03
1.930000e-06	7.159249e-06	1.789925e-08	5.019737e+01	1.171394e+03
1.940000e-06	7.080269e-06	1.789540e-08	4.964360e+01	1.168939e+03
1.950000e-06	6.998790e-06	1.783499e-08	4.907231e+01	1.166793e+03
1.960000e-06	6.914794e-06	1.783385e-08	4.848336e+01	1.164974e+03
1.970000e-06	6.828132e-06	1.778215e-08	4.787573e+01	1.163272e+03
1.980000e-06	6.739077e-06	1.776218e-08	4.725132e+01	1.161353e+03
1.990000e-06	6.647664e-06	1.772661e-08	4.661037e+01	1.158936e+03
2.000000e-06	6.553933e-06	1.767039e-08	4.595317e+01	1.155935e+03
2.010000e-06	6.457932e-06	1.762849e-08	4.528006e+01	1.152515e+03
2.020000e-06	6.359678e-06	1.755967e-08	4.459115e+01	1.149007e+03
2.030000e-06	6.259140e-06	1.752583e-08	4.388622e+01	1.145730e+03
2.040000e-06	6.156258e-06	1.747036e-08	4.316486e+01	1.142825e+03
2.050000e-06	6.051141e-06	1.744529e-08	4.242783e+01	1.140170e+03
2.060000e-06	5.943910e-06	1.739485e-08	4.167597e+01	1.137439e+03
2.070000e-06	5.834558e-06	1.734346e-08	4.090925e+01	1.134276e+03
2.080000e-06	5.723042e-06	1.727773e-08	4.012735e+01	1.130479e+03
2.090000e-06	5.609381e-06	1.720718e-08	3.933041e+01	1.126107e+03
2.100000e-06	5.493491e-06	1.714261e-08	3.851784e+01	1.121455e+03
2.110000e-06	5.375455e-06	1.707557e-08	3.769023e+01	1.116886e+03
2.120000e-06	5.255441e-06	1.702229e-08	3.684875e+01	1.112638e+03
2.130000e-06	5.133600e-06	1.695823e-08	3.599445e+01	1.108684e+03
2.140000e-06	5.009893e-06	1.689101e-08	3.512708e+01	1.104740e+03
2.150000e-06	4.884313e-06	1.680717e-08	3.424656e+01	1.100410e+03
2.160000e-06	4.757018e-06	1.672935e-08	3.335403e+01	1.095395e+03
2.170000e-06	4.628062e-06	1.664787e-08	3.244985e+01	1.089658e+03
2.180000e-06	4.497468e-06	1.656723e-08	3.153418e+01	1.083443e+03
2.190000e-06	4.365224e-06	1.647835e-08	3.060695e+01	1.077144e+03
2.200000e-06	4.231415e-06	1.638790e-08	2.966875e+01	1.071087e+03
2.210000e-06	4.096139e-06	1.629162e-08	2.872025e+01	1.065344e+03
2.220000e-06	3.959322e-06	1.619439e-08	2.776095e+01	1.059682e+03
2.230000e-06	3.820910e-06	1.609706e-08	2.679047e+01	1.053679e+03
2.240000e-06	3.681067e-06	1.599750e-08	2.580995e+01	1.046947e+03
2.250000e-06	3.539838e-06	1.589161e-08	2.481972e+01	1.039342e+03
2.260000e-06	3.397359e-06	1.577476e-08	2.382072e+01	1.031050e+03
2.270000e-06	3.253692e-06	1.565012e-08	2.281340e+01	1.022480e+03
2.280000e-06	3.108821e-06	1.551938e-08	2.179763e+01	1.014040e+03
2.290000e-06	2.962771e-06	1.538797e-08	2.077359e+01	1.005894e+03
2.300000e-06	2.815645e-06	1.525663e-08	1.974201e+01	9.978516e+02
2.310000e-06	2.667598e-06	1.512564e-08	1.870397e+01	9.894491e+02
2.320000e-06	2.518582e-06	1.498407e-08	1.765914e+01	9.801890e+02
2.330000e-06	2.368692e-06	1.483138e-08	1.660818e+01	9.698108e+02
2.340000e-06	2.218066e-06	1.466612e-08	1.555206e+01	9.584395e+02
2.350000e-06	2.066687e-06	1.449543e-08	1.449066e+01	9.465228e+02
2.360000e-06	1.914537e-06	1.431984e-08	1.342386e+01	9.345775e+02
2.370000e-06	1.761630e-06	1.414063e-08	1.235174e+01	9.228771e+02
2.380000e-06	1.608043e-06	1.395388e-08	1.127486e+01	9.112553e+02
2.390000e-06	1.453910e-06	1.375477e-08	1.019415e+01	8.991457e+02
2.400000e-06	1.299306e-06	1.354041e-08	9.110141e+00	8.858521e+02
2.410000e-06	1.144264e-06	1.331272e-08	8.023052e+00	8.709138e+02
2.420000e-06	9.887858e-07	1.307712e-08	6.932913e+00	8.543617e+02
2.430000e-06	8.329189e-07	1.283197e-08	5.840045e+00	8.367044e+02
2.440000e-06	6.767769e-07	1.257400e-08	4.745249e+00	8.186244e+02
2.450000e-06	5.204518e-07	1.229874e-08	3.649169e+00	8.005277e+02
2.460000e-06	3.639044e-07	1.200073e-08	2.551531e+00	7.821923e+02
2.470000e-06	2.071454e-07	1.167496e-08	1.452409e+00	7.627325e+02
2.480000e-06	5.033809e-08	1.132289e-08	3.529476e-01	7.409428e+02
2.490000e-06	-1.064254e-07	1.094734e-08	-7.462064e-01	7.158645e+02
2.500000e-06	-2.631267e-07	1.054535e-08	-1.844924e+00	6.872604e+02
2.510000e-06	-4.196786e-07	1.010725e-08	-2.942594e+00	6.556693e+02
2.520000e-06	-5.760123e-07	9.615815e-09	-4.038734e+00	6.218795e+02
2.530000e-06	-7.321306e-07	9.053835e-09	-5.133364e+00	5.859545e+02
2.540000e-06	-8.879796e-07	8.405770e-09	-6.226106e+00	5.462200e+02
2.550000e-06	-1.043463e-06	7.644386e-09	-7.316285e+00	4.987500e+02
2.560000e-06	-1.198560e-06	6.723242e-09	-8.403750e+00	4.377723e+02
2.570000e-06	-1.353227e-06	5.561950e-09	-9.488208e+00	3.570779e+02
2.580000e-06	-1.507470e-06	4.027740e-09	-1.056969e+01	2.520870e+02
2.590000e-06	-1.661254e-06	2.002510e-09	-1.164795e+01	1.218815e+02
2.600000e-06	-1.814421e-06	-4.027628e-10	-1.272189e+01	-2.957478e+01
2.610000e-06	-1.966840e-06	-2.927918e-09	-1.379058e+01	-1.935856e+02
2.620000e-06	-2.118408e-06	-5.441894e-09	-1.485330e+01	-3.583312e+02
2.630000e-06	-2.269133e-06	-7.873322e-09	-1.591012e+01	-5.114931e+02
2.640000e-06	-2.419112e-06	-9.979844e-09	-1.696171e+01	-6.430693e+02
2.650000e-06	-2.568239e-06	-1.154322e-08	-1.800731e+01	-7.474769e+02
2.660000e-06	-2.716417e-06	-1.263462e-08	-1.904627e+01	-8.243029e+02
2.670000e-06	-2.863669e-06	-1.342611e-08	-2.007874e+01	-8.775577e+02
2.680000e-06	-3.009972e-06	-1.402139e-08	-2.110455e+01	-9.138131e+02
2.690000e-06	-3.155194e-06	-1.447845e-08	-2.212277e+01	-9.399604e+02
2.700000e-06	-3.299167e-06	-1.484007e-08	-2.313225e+01	-9.613715e+02
2.710000e-06	-3.441882e-06	-1.513632e-08	-2.413290e+01	-9.809998e+02
2.720000e-06	-3.583313e-06	-1.538855e-08	-2.512454e+01	-9.995332e+02
2.730000e-06	-3.723365e-06	-1.560874e-08	-2.610653e+01	-1.016301e+03
2.740000e-06	-3.862034e-06	-1.580355e-08	-2.707881e+01	-1.030404e+03
2.750000e-06	-3.999278e-06	-1.597897e-08	-2.804111e+01	-1.041550e+03
2.760000e-06	-4.134959e-06	-1.613698e-08	-2.899243e+01	-1.050311e+03
2.770000e-06	-4.269148e-06	-1.627641e-08	-2.993331e+01	-1.057830e+03
2.780000e-06	-4.401822e-06	-1.639761e-08	-3.086356e+01	-1.065233e+03
2.790000e-06	-4.532894e-06	-1.650665e-08	-3.178257e+01	-1.073127e+03
2.800000e-06	-4.662392e-06	-1.661077e-08	-3.269056e+01	-1.081411e+03
2.810000e-06	-4.790255e-06	-1.671306e-08	-3.358707e+01	-1.089480e+03
2.820000e-06	-4.916446e-06	-1.681051e-08	-3.447186e+01	-1.096647e+03
2.830000e-06	-5.040871e-06	-1.690015e-08	-3.534428e+01	-1.102554e+03
2.840000e-06	-5.163466e-06	-1.698409e-08	-3.620386e+01	-1.107354e+03
2.850000e-06	-5.284201e-06	-1.706261e-08	-3.705040e+01	-1.111596e+03
2.860000e-06	-5.402944e-06	-1.713607e-08	-3.788297e+01	-1.115905e+03
2.870000e-06	-5.519560e-06	-1.720555e-08	-3.870063e+01	-1.120650e+03
2.880000e-06	-5.634006e-06	-1.727206e-08	-3.950307e+01	-1.125780e+03
2.890000e-06	-5.746207e-06	-1.733771e-08	-4.028977e+01	-1.130894e+03
2.900000e-06	-5.856180e-06	-1.739924e-08	-4.106085e+01	-1.135499e+03
2.910000e-06	-5.964070e-06	-1.745277e-08	-4.181732e+01	-1.139296e+03
2.920000e-06	-6.069972e-06	-1.750012e-08	-4.255986e+01	-1.142342e+03
2.930000e-06	-6.173784e-06	-1.754851e-08	-4.328774e+01	-1.145000e+03
2.940000e-06	-6.275274e-06	-1.760202e-08	-4.399935e+01	-1.147730e+03
2.950000e-06	-6.374505e-06	-1.765371e-08	-4.469511e+01	-1.150832e+03
2.960000e-06	-6.471618e-06	-1.769922e-08	-4.537602e+01	-1.154289e+03
2.970000e-06	-6.566507e-06	-1.773816e-08	-4.604134e+01	-1.157794e+03
2.980000e-06	-6.659035e-06	-1.777207e-08	-4.669010e+01	-1.160927e+03
2.990000e-06	-6.749142e-06	-1.780221e-08	-4.732189e+01	-1.163401e+03
3.000000e-06	-6.836890e-06	-1.783038e-08	-4.793714e+01	-1.165218e+03
3.010000e-06	-6.922236e-06	-1.785960e-08	-4.853555e+01	-1.166668e+03
3.020000e-06	-7.005094e-06	-1.789170e-08	-4.911651e+01	-1.168172e+03
3.030000e-06	-7.085453e-06	-1.792564e-08	-4.967995e+01	-1.170053e+03
3.040000e-06	-7.163159e-06	-1.795534e-08	-5.022478e+01	-1.172368e+03
3.050000e-06	-7.238112e-06	-1.797769e-08	-5.075033e+01	-1.174883e+03
3.060000e-06	-7.310390e-06	-1.799564e-08	-5.125710e+01	-1.177205e+03
3.070000e-06	-7.379994e-06	-1.801421e-08	-5.174514e+01	-1.178996e+03
3.080000e-06	-7.446931e-06	-1.803480e-08	-5.221446e+01	-1.180154e+03
3.090000e-06	-7.511286e-06	-1.805433e-08	-5.266569e+01	-1.180865e+03
3.100000e-06	-7.572968e-06	-1.807127e-08	-5.309818e+01	-1.181499e+03
3.110000e-06	-7.631914e-06	-1.808645e-08	-5.351148e+01	-1.182416e+03
3.120000e-06	-7.688110e-06	-1.810117e-08	-5.390550e+01	-1.183775e+03
3.130000e-06	-7.741397e-06	-1.811404e-08	-5.427912e+01	-1.185459e+03
3.140000e-06	-7.791621e-06	-1.812635e-08	-5.463128e+01	-1.187145e+03
3.150000e-06	-7.838762e-06	-1.814046e-08	-5.496181e+01	-1.188476e+03
3.160000e-06	-7.883144e-06	-1.815271e-08	-5.527299e+01	-1.189251e+03
3.170000e-06	-7.925030e-06	-1.816195e-08	-5.556668e+01	-1.189527e+03
3.180000e-06	-7.964232e-06	-1.816717e-08	-5.584154e+01	-1.189578e+03
3.190000e-06	-8.000572e-06	-1.816949e-08	-5.609634e+01	-1.189746e+03
3.200000e-06	-8.034116e-06	-1.817258e-08	-5.633154e+01	-1.190266e+03
3.210000e-06	-8.064751e-06	-1.817767e-08	-5.654633e+01	-1.191143e+03
3.220000e-06	-8.092403e-06	-1.818378e-08	-5.674022e+01	-1.192165e+03
3.230000e-06	-8.117278e-06	-1.818982e-08	-5.691463e+01	-1.193020e+03
3.240000e-06	-8.139270e-06	-1.819463e-08	-5.706883e+01	-1.193469e+03
3.250000e-06	-8.158338e-06	-1.819548e-08	-5.720252e+01	-1.193464e+03
3.260000e-06	-8.174569e-06	-1.819360e-08	-5.731633e+01	-1.193167e+03
3.270000e-06	-8.187704e-06	-1.819156e-08	-5.740843e+01	-1.192852e+03
3.280000e-06	-8.197737e-06	-1.818963e-08	-5.747878e+01	-1.192755e+03
3.290000e-06	-8.204846e-06	-1.818769e-08	-5.752862e+01	-1.192953e+03
3.300000e-06	-8.208988e-06	-1.818361e-08	-5.755766e+01	-1.193328e+03
3.310000e-06	-8.210294e-06	-1.817660e-08	-5.756682e+01	-1.193645e+03
