# Temperatura_=_49.15
# Concentracion g/m^3_=_19800.0
# C_Vs_to_Am_M_A/Vsm_=_65563218390.804596
# pendiente_HvsI_1/m_=_3716.3
# ordenada_HvsI_A/m_=_1297.0
# frecuencia_Hz_=_301693.74971362355

Tiempo_(s)	Campo_(V.s)	Magnetizacion_(V.s)	Campo_(kA/m)	Magnetizacion_(A/m)
0.000000e+00	-8.209140e-06	-1.806127e-08	-5.755842e+01	-1.186289e+03
1.000000e-08	-8.205934e-06	-1.806501e-08	-5.753593e+01	-1.185892e+03
2.000000e-08	-8.200013e-06	-1.805844e-08	-5.749442e+01	-1.185136e+03
3.000000e-08	-8.191494e-06	-1.804918e-08	-5.743469e+01	-1.184273e+03
4.000000e-08	-8.180102e-06	-1.803951e-08	-5.735482e+01	-1.183562e+03
5.000000e-08	-8.165750e-06	-1.802864e-08	-5.725419e+01	-1.183137e+03
6.000000e-08	-8.148504e-06	-1.800959e-08	-5.713326e+01	-1.182939e+03
7.000000e-08	-8.128676e-06	-1.797010e-08	-5.699424e+01	-1.182760e+03
8.000000e-08	-8.106362e-06	-1.801221e-08	-5.683778e+01	-1.182364e+03
9.000000e-08	-8.080985e-06	-1.809808e-08	-5.665985e+01	-1.181617e+03
1.000000e-07	-8.052281e-06	-1.804361e-08	-5.645860e+01	-1.180554e+03
1.100000e-07	-8.020540e-06	-1.797287e-08	-5.623605e+01	-1.179355e+03
1.200000e-07	-7.985893e-06	-1.797094e-08	-5.599311e+01	-1.178233e+03
1.300000e-07	-7.948522e-06	-1.796314e-08	-5.573109e+01	-1.177314e+03
1.400000e-07	-7.908910e-06	-1.785225e-08	-5.545335e+01	-1.176568e+03
1.500000e-07	-7.866916e-06	-1.785555e-08	-5.515891e+01	-1.175837e+03
1.600000e-07	-7.822048e-06	-1.794513e-08	-5.484432e+01	-1.174927e+03
1.700000e-07	-7.774430e-06	-1.780080e-08	-5.451044e+01	-1.173731e+03
1.800000e-07	-7.724046e-06	-1.789553e-08	-5.415718e+01	-1.172291e+03
1.900000e-07	-7.670536e-06	-1.787065e-08	-5.378199e+01	-1.170776e+03
2.000000e-07	-7.614143e-06	-1.775016e-08	-5.338659e+01	-1.169375e+03
2.100000e-07	-7.554966e-06	-1.779461e-08	-5.297167e+01	-1.168177e+03
2.200000e-07	-7.493065e-06	-1.772210e-08	-5.253765e+01	-1.167102e+03
2.300000e-07	-7.428557e-06	-1.776554e-08	-5.208535e+01	-1.165929e+03
2.400000e-07	-7.361218e-06	-1.769113e-08	-5.161321e+01	-1.164404e+03
2.500000e-07	-7.291135e-06	-1.766515e-08	-5.112182e+01	-1.162381e+03
2.600000e-07	-7.218329e-06	-1.764375e-08	-5.061134e+01	-1.159908e+03
2.700000e-07	-7.142721e-06	-1.759900e-08	-5.008121e+01	-1.157211e+03
2.800000e-07	-7.064293e-06	-1.758238e-08	-4.953131e+01	-1.154583e+03
2.900000e-07	-6.983065e-06	-1.749784e-08	-4.896178e+01	-1.152228e+03
3.000000e-07	-6.899375e-06	-1.751391e-08	-4.837499e+01	-1.150150e+03
3.100000e-07	-6.813436e-06	-1.746337e-08	-4.777243e+01	-1.148148e+03
3.200000e-07	-6.725157e-06	-1.742642e-08	-4.715346e+01	-1.145920e+03
3.300000e-07	-6.634481e-06	-1.737288e-08	-4.651768e+01	-1.143228e+03
3.400000e-07	-6.541435e-06	-1.730280e-08	-4.586529e+01	-1.140023e+03
3.500000e-07	-6.446035e-06	-1.728894e-08	-4.519640e+01	-1.136481e+03
3.600000e-07	-6.348226e-06	-1.725455e-08	-4.451061e+01	-1.132903e+03
3.700000e-07	-6.248055e-06	-1.720627e-08	-4.380826e+01	-1.129555e+03
3.800000e-07	-6.145718e-06	-1.712553e-08	-4.309072e+01	-1.126516e+03
3.900000e-07	-6.041179e-06	-1.708576e-08	-4.235775e+01	-1.123626e+03
4.000000e-07	-5.934406e-06	-1.703575e-08	-4.160911e+01	-1.120569e+03
4.100000e-07	-5.825511e-06	-1.697522e-08	-4.084559e+01	-1.117037e+03
4.200000e-07	-5.714524e-06	-1.691075e-08	-4.006740e+01	-1.112900e+03
4.300000e-07	-5.601347e-06	-1.685163e-08	-3.927386e+01	-1.108282e+03
4.400000e-07	-5.485952e-06	-1.680407e-08	-3.846477e+01	-1.103493e+03
4.500000e-07	-5.368534e-06	-1.673592e-08	-3.764150e+01	-1.098867e+03
4.600000e-07	-5.249139e-06	-1.665175e-08	-3.680435e+01	-1.094570e+03
4.700000e-07	-5.127707e-06	-1.656821e-08	-3.595294e+01	-1.090503e+03
4.800000e-07	-5.004365e-06	-1.650931e-08	-3.508813e+01	-1.086341e+03
4.900000e-07	-4.879246e-06	-1.645091e-08	-3.421085e+01	-1.081700e+03
5.000000e-07	-4.752475e-06	-1.637450e-08	-3.332200e+01	-1.076342e+03
5.100000e-07	-4.624062e-06	-1.627409e-08	-3.242163e+01	-1.070305e+03
5.200000e-07	-4.493927e-06	-1.618004e-08	-3.150918e+01	-1.063889e+03
5.300000e-07	-4.362121e-06	-1.609271e-08	-3.058503e+01	-1.057493e+03
5.400000e-07	-4.228653e-06	-1.599985e-08	-2.964922e+01	-1.051399e+03
5.500000e-07	-4.093709e-06	-1.589032e-08	-2.870306e+01	-1.045612e+03
5.600000e-07	-3.957261e-06	-1.579045e-08	-2.774635e+01	-1.039844e+03
5.700000e-07	-3.819234e-06	-1.570231e-08	-2.677857e+01	-1.033660e+03
5.800000e-07	-3.679855e-06	-1.560402e-08	-2.580132e+01	-1.026712e+03
5.900000e-07	-3.539078e-06	-1.548063e-08	-2.481426e+01	-1.018922e+03
6.000000e-07	-3.396738e-06	-1.534870e-08	-2.381624e+01	-1.010523e+03
6.100000e-07	-3.252958e-06	-1.523333e-08	-2.280813e+01	-1.001934e+03
6.200000e-07	-3.107994e-06	-1.511909e-08	-2.179171e+01	-9.935136e+02
6.300000e-07	-2.962008e-06	-1.499166e-08	-2.076813e+01	-9.853501e+02
6.400000e-07	-2.814985e-06	-1.484282e-08	-1.973728e+01	-9.771923e+02
6.500000e-07	-2.666921e-06	-1.470017e-08	-1.869913e+01	-9.685696e+02
6.600000e-07	-2.517987e-06	-1.455899e-08	-1.765487e+01	-9.590441e+02
6.700000e-07	-2.368290e-06	-1.440599e-08	-1.660527e+01	-9.484542e+02
6.800000e-07	-2.217808e-06	-1.423483e-08	-1.555017e+01	-9.370114e+02
6.900000e-07	-2.066536e-06	-1.406064e-08	-1.448952e+01	-9.251846e+02
7.000000e-07	-1.914505e-06	-1.389182e-08	-1.342356e+01	-9.134266e+02
7.100000e-07	-1.761732e-06	-1.371254e-08	-1.235239e+01	-9.018868e+02
7.200000e-07	-1.608245e-06	-1.351371e-08	-1.127622e+01	-8.902784e+02
7.300000e-07	-1.454125e-06	-1.329819e-08	-1.019560e+01	-8.779873e+02
7.400000e-07	-1.299455e-06	-1.308931e-08	-9.111133e+00	-8.643806e+02
7.500000e-07	-1.144328e-06	-1.287761e-08	-8.023462e+00	-8.491521e+02
7.600000e-07	-9.888650e-07	-1.264648e-08	-6.933430e+00	-8.325043e+02
7.700000e-07	-8.330485e-07	-1.238779e-08	-5.840923e+00	-8.150420e+02
7.800000e-07	-6.768817e-07	-1.211678e-08	-4.745959e+00	-7.974039e+02
7.900000e-07	-5.205124e-07	-1.184180e-08	-3.649575e+00	-7.798176e+02
8.000000e-07	-3.640472e-07	-1.154721e-08	-2.552518e+00	-7.618279e+02
8.100000e-07	-2.074304e-07	-1.122440e-08	-1.454399e+00	-7.423847e+02
8.200000e-07	-5.065545e-08	-1.087587e-08	-3.551708e-01	-7.202867e+02
8.300000e-07	1.061166e-07	-1.050749e-08	7.440369e-01	-6.947686e+02
8.400000e-07	2.628077e-07	-1.010237e-08	1.842677e+00	-6.658858e+02
8.500000e-07	4.194094e-07	-9.644290e-09	2.940690e+00	-6.343962e+02
8.600000e-07	5.758647e-07	-9.125915e-09	4.037677e+00	-6.010538e+02
8.700000e-07	7.321094e-07	-8.551124e-09	5.133188e+00	-5.655412e+02
8.800000e-07	8.881186e-07	-7.899427e-09	6.227047e+00	-5.255181e+02
8.900000e-07	1.043817e-06	-7.118273e-09	7.318729e+00	-4.763302e+02
9.000000e-07	1.199161e-06	-6.142773e-09	8.407919e+00	-4.117305e+02
9.100000e-07	1.354155e-06	-4.884458e-09	9.494663e+00	-3.255756e+02
9.200000e-07	1.508637e-06	-3.211208e-09	1.057782e+01	-2.140212e+02
9.300000e-07	1.662519e-06	-1.075049e-09	1.165675e+01	-7.745113e+01
9.400000e-07	1.815801e-06	1.298398e-09	1.273149e+01	7.863037e+01
9.500000e-07	1.968507e-06	3.698267e-09	1.380219e+01	2.441989e+02
9.600000e-07	2.120536e-06	6.118054e-09	1.486815e+01	4.067346e+02
9.700000e-07	2.271745e-06	8.448242e-09	1.592835e+01	5.540777e+02
9.800000e-07	2.422092e-06	1.035688e-08	1.698251e+01	6.772021e+02
9.900000e-07	2.571442e-06	1.170081e-08	1.802967e+01	7.720199e+02
1.000000e-06	2.719803e-06	1.263501e-08	1.906991e+01	8.396852e+02
1.010000e-06	2.867222e-06	1.330952e-08	2.010354e+01	8.854137e+02
1.020000e-06	3.013660e-06	1.381970e-08	2.113029e+01	9.163462e+02
1.030000e-06	3.159137e-06	1.422230e-08	2.215030e+01	9.392715e+02
1.040000e-06	3.303480e-06	1.455180e-08	2.316236e+01	9.589750e+02
1.050000e-06	3.446521e-06	1.482512e-08	2.416530e+01	9.776521e+02
1.060000e-06	3.588239e-06	1.505936e-08	2.515895e+01	9.953669e+02
1.070000e-06	3.728600e-06	1.526636e-08	2.614309e+01	1.011143e+03
1.080000e-06	3.867560e-06	1.545083e-08	2.711741e+01	1.024109e+03
1.090000e-06	4.005041e-06	1.561578e-08	2.808136e+01	1.034205e+03
1.100000e-06	4.140979e-06	1.576176e-08	2.903449e+01	1.042255e+03
1.110000e-06	4.275384e-06	1.589883e-08	2.997687e+01	1.049510e+03
1.120000e-06	4.408290e-06	1.602937e-08	3.090874e+01	1.057018e+03
1.130000e-06	4.539699e-06	1.615218e-08	3.183011e+01	1.065160e+03
1.140000e-06	4.669519e-06	1.626183e-08	3.274035e+01	1.073594e+03
1.150000e-06	4.797637e-06	1.636223e-08	3.363865e+01	1.081568e+03
1.160000e-06	4.924038e-06	1.646135e-08	3.452491e+01	1.088408e+03
1.170000e-06	5.048687e-06	1.655686e-08	3.539889e+01	1.093904e+03
1.180000e-06	5.171585e-06	1.664384e-08	3.626058e+01	1.098401e+03
1.190000e-06	5.292617e-06	1.672165e-08	3.710920e+01	1.102587e+03
1.200000e-06	5.411664e-06	1.679978e-08	3.794390e+01	1.107102e+03
1.210000e-06	5.528693e-06	1.687842e-08	3.876445e+01	1.112211e+03
1.220000e-06	5.643568e-06	1.695035e-08	3.956990e+01	1.117697e+03
1.230000e-06	5.756264e-06	1.701383e-08	4.036006e+01	1.123014e+03
1.240000e-06	5.866889e-06	1.707532e-08	4.113572e+01	1.127617e+03
1.250000e-06	5.975507e-06	1.713759e-08	4.189729e+01	1.131259e+03
1.260000e-06	6.082021e-06	1.719690e-08	4.264411e+01	1.134118e+03
1.270000e-06	6.186269e-06	1.725005e-08	4.337504e+01	1.136686e+03
1.280000e-06	6.288273e-06	1.729933e-08	4.409025e+01	1.139494e+03
1.290000e-06	6.388065e-06	1.734987e-08	4.478994e+01	1.142831e+03
1.300000e-06	6.485504e-06	1.739962e-08	4.547313e+01	1.146603e+03
1.310000e-06	6.580585e-06	1.744645e-08	4.613979e+01	1.150401e+03
1.320000e-06	6.673407e-06	1.748886e-08	4.679062e+01	1.153738e+03
1.330000e-06	6.763874e-06	1.753059e-08	4.742493e+01	1.156312e+03
1.340000e-06	6.851937e-06	1.757343e-08	4.804238e+01	1.158167e+03
1.350000e-06	6.937672e-06	1.761275e-08	4.864351e+01	1.159656e+03
1.360000e-06	7.021000e-06	1.764614e-08	4.922776e+01	1.161247e+03
1.370000e-06	7.101766e-06	1.767726e-08	4.979406e+01	1.163271e+03
1.380000e-06	7.179953e-06	1.771131e-08	5.034226e+01	1.165758e+03
1.390000e-06	7.255515e-06	1.774613e-08	5.087207e+01	1.168433e+03
1.400000e-06	7.328342e-06	1.777798e-08	5.138269e+01	1.170880e+03
1.410000e-06	7.398553e-06	1.780515e-08	5.187498e+01	1.172769e+03
1.420000e-06	7.466156e-06	1.783207e-08	5.234898e+01	1.174032e+03
1.430000e-06	7.531019e-06	1.785976e-08	5.280377e+01	1.174892e+03
1.440000e-06	7.593268e-06	1.788427e-08	5.324023e+01	1.175735e+03
1.450000e-06	7.652941e-06	1.790641e-08	5.365862e+01	1.176895e+03
1.460000e-06	7.709896e-06	1.792705e-08	5.405796e+01	1.178480e+03
1.470000e-06	7.763945e-06	1.794939e-08	5.443693e+01	1.180318e+03
1.480000e-06	7.814842e-06	1.797304e-08	5.479379e+01	1.182059e+03
1.490000e-06	7.862681e-06	1.799232e-08	5.512922e+01	1.183367e+03
1.500000e-06	7.907774e-06	1.800640e-08	5.544538e+01	1.184103e+03
1.510000e-06	7.950135e-06	1.801939e-08	5.574240e+01	1.184393e+03
1.520000e-06	7.989616e-06	1.803366e-08	5.601922e+01	1.184561e+03
1.530000e-06	8.026333e-06	1.804834e-08	5.627666e+01	1.184947e+03
1.540000e-06	8.060271e-06	1.806002e-08	5.651462e+01	1.185734e+03
1.550000e-06	8.091337e-06	1.807077e-08	5.673244e+01	1.186848e+03
1.560000e-06	8.119606e-06	1.808433e-08	5.693065e+01	1.188009e+03
1.570000e-06	8.144906e-06	1.809877e-08	5.710804e+01	1.188885e+03
1.580000e-06	8.167291e-06	1.811023e-08	5.726499e+01	1.189264e+03
1.590000e-06	8.186918e-06	1.811610e-08	5.740260e+01	1.189170e+03
1.600000e-06	8.203653e-06	1.812039e-08	5.751994e+01	1.188838e+03
1.610000e-06	8.217332e-06	1.812553e-08	5.761585e+01	1.188584e+03
1.620000e-06	8.227794e-06	1.813104e-08	5.768921e+01	1.188636e+03
1.630000e-06	8.235197e-06	1.813476e-08	5.774111e+01	1.189012e+03
1.640000e-06	8.239780e-06	1.813723e-08	5.777325e+01	1.189522e+03
1.650000e-06	8.241422e-06	1.814343e-08	5.778476e+01	1.189870e+03
1.660000e-06	8.240228e-06	1.814184e-08	5.777639e+01	1.189821e+03
1.670000e-06	8.236403e-06	1.813400e-08	5.774957e+01	1.189317e+03
1.680000e-06	8.229823e-06	1.812945e-08	5.770343e+01	1.188508e+03
1.690000e-06	8.220459e-06	1.812463e-08	5.763778e+01	1.187661e+03
1.700000e-06	8.208167e-06	1.812019e-08	5.755159e+01	1.187016e+03
1.710000e-06	8.193023e-06	1.812498e-08	5.744541e+01	1.186660e+03
1.720000e-06	8.175456e-06	1.815192e-08	5.732224e+01	1.186490e+03
1.730000e-06	8.155440e-06	1.811093e-08	5.718189e+01	1.186277e+03
1.740000e-06	8.132407e-06	1.797714e-08	5.702040e+01	1.185799e+03
1.750000e-06	8.105580e-06	1.800234e-08	5.683230e+01	1.184963e+03
1.760000e-06	8.074906e-06	1.805299e-08	5.661723e+01	1.183846e+03
1.770000e-06	8.041347e-06	1.801337e-08	5.638193e+01	1.182647e+03
1.780000e-06	8.005500e-06	1.802055e-08	5.613059e+01	1.181569e+03
1.790000e-06	7.967336e-06	1.812421e-08	5.586300e+01	1.180703e+03
1.800000e-06	7.927122e-06	1.796205e-08	5.558105e+01	1.179979e+03
1.810000e-06	7.884607e-06	1.796848e-08	5.528295e+01	1.179219e+03
1.820000e-06	7.839118e-06	1.804883e-08	5.496400e+01	1.178242e+03
1.830000e-06	7.790808e-06	1.788067e-08	5.462528e+01	1.176975e+03
1.840000e-06	7.739443e-06	1.802866e-08	5.426513e+01	1.175498e+03
1.850000e-06	7.684955e-06	1.790810e-08	5.388309e+01	1.173996e+03
1.860000e-06	7.627763e-06	1.795026e-08	5.348208e+01	1.172643e+03
1.870000e-06	7.567717e-06	1.797876e-08	5.306107e+01	1.171490e+03
1.880000e-06	7.505008e-06	1.784622e-08	5.262139e+01	1.170415e+03
1.890000e-06	7.439596e-06	1.794897e-08	5.216275e+01	1.169175e+03
1.900000e-06	7.371346e-06	1.780639e-08	5.168422e+01	1.167533e+03
1.910000e-06	7.300267e-06	1.786078e-08	5.118585e+01	1.165384e+03
1.920000e-06	7.226413e-06	1.779663e-08	5.066802e+01	1.162829e+03
1.930000e-06	7.149921e-06	1.774256e-08	5.013169e+01	1.160122e+03
1.940000e-06	7.070625e-06	1.776404e-08	4.957571e+01	1.157550e+03
1.950000e-06	6.988821e-06	1.764258e-08	4.900214e+01	1.155273e+03
1.960000e-06	6.904506e-06	1.769898e-08	4.841097e+01	1.153239e+03
1.970000e-06	6.817556e-06	1.757701e-08	4.780132e+01	1.151209e+03
1.980000e-06	6.728211e-06	1.759033e-08	4.717487e+01	1.148881e+03
1.990000e-06	6.636526e-06	1.754618e-08	4.653202e+01	1.146056e+03
2.000000e-06	6.542535e-06	1.748464e-08	4.587300e+01	1.142743e+03
2.010000e-06	6.446242e-06	1.744635e-08	4.519785e+01	1.139162e+03
2.020000e-06	6.347702e-06	1.735279e-08	4.450694e+01	1.135622e+03
2.030000e-06	6.246802e-06	1.735429e-08	4.379947e+01	1.132353e+03
2.040000e-06	6.143588e-06	1.726933e-08	4.307579e+01	1.129374e+03
2.050000e-06	6.038269e-06	1.726099e-08	4.233735e+01	1.126475e+03
2.060000e-06	5.930885e-06	1.717369e-08	4.158442e+01	1.123323e+03
2.070000e-06	5.821352e-06	1.712996e-08	4.081643e+01	1.119642e+03
2.080000e-06	5.709635e-06	1.705604e-08	4.003313e+01	1.115364e+03
2.090000e-06	5.595704e-06	1.698743e-08	3.923430e+01	1.110670e+03
2.100000e-06	5.479500e-06	1.692700e-08	3.841953e+01	1.105894e+03
2.110000e-06	5.361209e-06	1.685571e-08	3.759013e+01	1.101344e+03
2.120000e-06	5.240978e-06	1.681218e-08	3.674714e+01	1.097125e+03
2.130000e-06	5.118902e-06	1.673047e-08	3.589120e+01	1.093070e+03
2.140000e-06	4.994924e-06	1.665610e-08	3.502193e+01	1.088822e+03
2.150000e-06	4.869133e-06	1.655274e-08	3.413994e+01	1.084014e+03
2.160000e-06	4.741589e-06	1.648440e-08	3.324567e+01	1.078471e+03
2.170000e-06	4.612356e-06	1.640445e-08	3.233955e+01	1.072304e+03
2.180000e-06	4.481567e-06	1.632900e-08	3.142252e+01	1.065856e+03
2.190000e-06	4.349090e-06	1.623311e-08	3.049366e+01	1.059518e+03
2.200000e-06	4.215009e-06	1.614214e-08	2.955355e+01	1.053513e+03
2.210000e-06	4.079473e-06	1.604203e-08	2.860324e+01	1.047766e+03
2.220000e-06	3.942446e-06	1.593747e-08	2.764247e+01	1.041935e+03
2.230000e-06	3.803914e-06	1.583304e-08	2.667116e+01	1.035585e+03
2.240000e-06	3.663927e-06	1.572937e-08	2.568964e+01	1.028421e+03
2.250000e-06	3.522569e-06	1.562851e-08	2.469851e+01	1.020446e+03
2.260000e-06	3.379964e-06	1.551291e-08	2.369863e+01	1.011958e+03
2.270000e-06	3.236112e-06	1.538354e-08	2.269001e+01	1.003385e+03
2.280000e-06	3.091058e-06	1.524413e-08	2.167296e+01	9.950341e+02
2.290000e-06	2.944916e-06	1.511016e-08	2.064829e+01	9.869075e+02
2.300000e-06	2.797771e-06	1.497562e-08	1.961658e+01	9.786809e+02
2.310000e-06	2.649556e-06	1.483953e-08	1.857737e+01	9.698661e+02
2.320000e-06	2.500336e-06	1.468918e-08	1.753112e+01	9.600751e+02
2.330000e-06	2.350314e-06	1.453550e-08	1.647923e+01	9.492384e+02
2.340000e-06	2.199542e-06	1.437195e-08	1.542210e+01	9.376507e+02
2.350000e-06	2.048044e-06	1.420221e-08	1.435987e+01	9.258062e+02
2.360000e-06	1.895804e-06	1.402245e-08	1.329243e+01	9.141051e+02
2.370000e-06	1.742873e-06	1.384034e-08	1.222016e+01	9.025915e+02
2.380000e-06	1.589274e-06	1.365175e-08	1.114320e+01	8.908769e+02
2.390000e-06	1.435094e-06	1.345039e-08	1.006217e+01	8.783086e+02
2.400000e-06	1.280480e-06	1.323048e-08	8.978089e+00	8.643063e+02
2.410000e-06	1.125395e-06	1.299700e-08	7.890709e+00	8.486839e+02
2.420000e-06	9.698529e-07	1.276093e-08	6.800127e+00	8.317666e+02
2.430000e-06	8.139720e-07	1.251545e-08	5.707168e+00	8.142093e+02
2.440000e-06	6.577908e-07	1.225574e-08	4.612102e+00	7.965871e+02
2.450000e-06	5.013589e-07	1.197391e-08	3.515279e+00	7.789703e+02
2.460000e-06	3.446992e-07	1.167103e-08	2.416860e+00	7.607313e+02
2.470000e-06	1.878791e-07	1.134295e-08	1.317315e+00	7.407295e+02
2.480000e-06	3.103851e-08	1.098794e-08	2.176266e-01	7.178196e+02
2.490000e-06	-1.257973e-07	1.060413e-08	-8.820284e-01	6.914209e+02
2.500000e-06	-2.825166e-07	1.019047e-08	-1.980866e+00	6.617992e+02
2.510000e-06	-4.390838e-07	9.741631e-09	-3.078637e+00	6.297981e+02
2.520000e-06	-5.955115e-07	9.234791e-09	-4.175431e+00	5.960089e+02
2.530000e-06	-7.516660e-07	8.648031e-09	-5.270309e+00	5.596804e+02
2.540000e-06	-9.075132e-07	7.960887e-09	-6.363032e+00	5.178852e+02
2.550000e-06	-1.063000e-06	7.139839e-09	-7.453231e+00	4.654610e+02
2.560000e-06	-1.218056e-06	6.124610e-09	-8.540401e+00	3.959970e+02
2.570000e-06	-1.372641e-06	4.806385e-09	-9.624278e+00	3.037147e+02
2.580000e-06	-1.526747e-06	3.035149e-09	-1.070479e+01	1.856749e+02
2.590000e-06	-1.680279e-06	7.889241e-10	-1.178128e+01	4.351189e+01
2.600000e-06	-1.833142e-06	-1.706838e-09	-1.285308e+01	-1.160226e+02
2.610000e-06	-1.985398e-06	-4.238179e-09	-1.392062e+01	-2.820443e+02
2.620000e-06	-2.136895e-06	-6.737818e-09	-1.498285e+01	-4.418423e+02
2.630000e-06	-2.287570e-06	-9.039806e-09	-1.603931e+01	-5.838044e+02
2.640000e-06	-2.437469e-06	-1.084624e-08	-1.709032e+01	-7.000236e+02
2.650000e-06	-2.586461e-06	-1.209627e-08	-1.813498e+01	-7.877564e+02
2.660000e-06	-2.734493e-06	-1.297567e-08	-1.917291e+01	-8.493329e+02
2.670000e-06	-2.881599e-06	-1.362786e-08	-2.020434e+01	-8.906703e+02
2.680000e-06	-3.027698e-06	-1.412390e-08	-2.122872e+01	-9.190221e+02
2.690000e-06	-3.172671e-06	-1.450796e-08	-2.224520e+01	-9.407935e+02
2.700000e-06	-3.316480e-06	-1.481732e-08	-2.325351e+01	-9.601325e+02
2.710000e-06	-3.459077e-06	-1.507864e-08	-2.425333e+01	-9.786250e+02
2.720000e-06	-3.600372e-06	-1.530590e-08	-2.524402e+01	-9.959603e+02
2.730000e-06	-3.740324e-06	-1.550419e-08	-2.622529e+01	-1.011092e+03
2.740000e-06	-3.878877e-06	-1.568105e-08	-2.719676e+01	-1.023307e+03
2.750000e-06	-4.015884e-06	-1.584424e-08	-2.815738e+01	-1.032787e+03
2.760000e-06	-4.151332e-06	-1.599412e-08	-2.910708e+01	-1.040519e+03
2.770000e-06	-4.285292e-06	-1.612567e-08	-3.004634e+01	-1.047760e+03
2.780000e-06	-4.417739e-06	-1.623951e-08	-3.097499e+01	-1.055421e+03
2.790000e-06	-4.548608e-06	-1.634521e-08	-3.189258e+01	-1.063692e+03
2.800000e-06	-4.677852e-06	-1.645016e-08	-3.279877e+01	-1.072087e+03
2.810000e-06	-4.805466e-06	-1.655208e-08	-3.369354e+01	-1.079828e+03
2.820000e-06	-4.931438e-06	-1.664530e-08	-3.457679e+01	-1.086329e+03
2.830000e-06	-5.055637e-06	-1.673093e-08	-3.544762e+01	-1.091524e+03
2.840000e-06	-5.177975e-06	-1.681338e-08	-3.630539e+01	-1.095874e+03
2.850000e-06	-5.298489e-06	-1.689245e-08	-3.715037e+01	-1.100092e+03
2.860000e-06	-5.417121e-06	-1.696624e-08	-3.798217e+01	-1.104750e+03
2.870000e-06	-5.533597e-06	-1.703493e-08	-3.879883e+01	-1.109991e+03
2.880000e-06	-5.647740e-06	-1.710313e-08	-3.959915e+01	-1.115492e+03
2.890000e-06	-5.759646e-06	-1.717152e-08	-4.038378e+01	-1.120675e+03
2.900000e-06	-5.869380e-06	-1.723384e-08	-4.115318e+01	-1.125045e+03
2.910000e-06	-5.977006e-06	-1.728606e-08	-4.190780e+01	-1.128458e+03
2.920000e-06	-6.082675e-06	-1.733306e-08	-4.264870e+01	-1.131191e+03
2.930000e-06	-6.186223e-06	-1.738407e-08	-4.337472e+01	-1.133775e+03
2.940000e-06	-6.287436e-06	-1.743967e-08	-4.408438e+01	-1.136702e+03
2.950000e-06	-6.386388e-06	-1.749152e-08	-4.477818e+01	-1.140173e+03
2.960000e-06	-6.483151e-06	-1.753667e-08	-4.545664e+01	-1.143997e+03
2.970000e-06	-6.577695e-06	-1.757902e-08	-4.611953e+01	-1.147723e+03
2.980000e-06	-6.669886e-06	-1.761899e-08	-4.676593e+01	-1.150885e+03
2.990000e-06	-6.759717e-06	-1.765372e-08	-4.739578e+01	-1.153261e+03
3.000000e-06	-6.847210e-06	-1.768311e-08	-4.800924e+01	-1.154983e+03
3.010000e-06	-6.932231e-06	-1.771229e-08	-4.860536e+01	-1.156455e+03
3.020000e-06	-7.014726e-06	-1.774585e-08	-4.918377e+01	-1.158133e+03
3.030000e-06	-7.094736e-06	-1.778105e-08	-4.974477e+01	-1.160283e+03
3.040000e-06	-7.172132e-06	-1.781033e-08	-5.028743e+01	-1.162852e+03
3.050000e-06	-7.246752e-06	-1.783317e-08	-5.081062e+01	-1.165510e+03
3.060000e-06	-7.318681e-06	-1.785380e-08	-5.131496e+01	-1.167840e+03
3.070000e-06	-7.387941e-06	-1.787648e-08	-5.180058e+01	-1.169567e+03
3.080000e-06	-7.454536e-06	-1.789854e-08	-5.226751e+01	-1.170699e+03
3.090000e-06	-7.518558e-06	-1.791827e-08	-5.271640e+01	-1.171518e+03
3.100000e-06	-7.579876e-06	-1.793711e-08	-5.314633e+01	-1.172415e+03
3.110000e-06	-7.638431e-06	-1.795668e-08	-5.355689e+01	-1.173683e+03
3.120000e-06	-7.694306e-06	-1.797513e-08	-5.394865e+01	-1.175357e+03
3.130000e-06	-7.747315e-06	-1.798931e-08	-5.432033e+01	-1.177206e+03
3.140000e-06	-7.797233e-06	-1.800259e-08	-5.467033e+01	-1.178865e+03
3.150000e-06	-7.844068e-06	-1.801690e-08	-5.499871e+01	-1.180033e+03
3.160000e-06	-7.888171e-06	-1.803020e-08	-5.530794e+01	-1.180636e+03
3.170000e-06	-7.929762e-06	-1.803992e-08	-5.559955e+01	-1.180861e+03
3.180000e-06	-7.968575e-06	-1.804769e-08	-5.587169e+01	-1.181055e+03
3.190000e-06	-8.004521e-06	-1.805460e-08	-5.612372e+01	-1.181535e+03
3.200000e-06	-8.037752e-06	-1.806166e-08	-5.635672e+01	-1.182420e+03
3.210000e-06	-8.068104e-06	-1.806781e-08	-5.656954e+01	-1.183577e+03
3.220000e-06	-8.095442e-06	-1.807229e-08	-5.676122e+01	-1.184697e+03
3.230000e-06	-8.119926e-06	-1.807691e-08	-5.693289e+01	-1.185460e+03
3.240000e-06	-8.141528e-06	-1.808184e-08	-5.708436e+01	-1.185709e+03
3.250000e-06	-8.160249e-06	-1.808416e-08	-5.721561e+01	-1.185528e+03
3.260000e-06	-8.176154e-06	-1.808244e-08	-5.732713e+01	-1.185186e+03
3.270000e-06	-8.188967e-06	-1.807908e-08	-5.741697e+01	-1.184994e+03
3.280000e-06	-8.198655e-06	-1.807684e-08	-5.748490e+01	-1.185134e+03
3.290000e-06	-8.205369e-06	-1.807464e-08	-5.753198e+01	-1.185569e+03
3.300000e-06	-8.209161e-06	-1.807039e-08	-5.755856e+01	-1.186066e+03
3.310000e-06	-8.210182e-06	-1.806299e-08	-5.756572e+01	-1.186332e+03
