# Temperatura_=_31.79
# Concentracion g/m^3_=_19800.0
# C_Vs_to_Am_M_A/Vsm_=_65563218390.804596
# pendiente_HvsI_1/m_=_3716.3
# ordenada_HvsI_A/m_=_1297.0
# frecuencia_Hz_=_301690.0804120569

Tiempo_(s)	Campo_(V.s)	Magnetizacion_(V.s)	Campo_(kA/m)	Magnetizacion_(A/m)
0.000000e+00	-8.162232e-06	-2.049327e-08	-5.756356e+01	-1.343413e+03
1.000000e-08	-8.159320e-06	-2.048635e-08	-5.754302e+01	-1.343424e+03
2.000000e-08	-8.153708e-06	-2.048172e-08	-5.750344e+01	-1.343164e+03
3.000000e-08	-8.145473e-06	-2.047839e-08	-5.744536e+01	-1.342631e+03
4.000000e-08	-8.134469e-06	-2.047050e-08	-5.736776e+01	-1.341926e+03
5.000000e-08	-8.120547e-06	-2.046019e-08	-5.726957e+01	-1.341200e+03
6.000000e-08	-8.103621e-06	-2.044874e-08	-5.715021e+01	-1.340572e+03
7.000000e-08	-8.084039e-06	-2.043424e-08	-5.701210e+01	-1.340067e+03
8.000000e-08	-8.061926e-06	-2.043221e-08	-5.685615e+01	-1.339610e+03
9.000000e-08	-8.036869e-06	-2.042780e-08	-5.667945e+01	-1.339066e+03
1.000000e-07	-8.008612e-06	-2.042245e-08	-5.648016e+01	-1.338319e+03
1.100000e-07	-7.977276e-06	-2.041122e-08	-5.625917e+01	-1.337331e+03
1.200000e-07	-7.943071e-06	-2.038523e-08	-5.601794e+01	-1.336164e+03
1.300000e-07	-7.906195e-06	-2.035847e-08	-5.575787e+01	-1.334947e+03
1.400000e-07	-7.866984e-06	-2.032108e-08	-5.548134e+01	-1.333808e+03
1.500000e-07	-7.825391e-06	-2.031983e-08	-5.518801e+01	-1.332805e+03
1.600000e-07	-7.781002e-06	-2.029484e-08	-5.487496e+01	-1.331906e+03
1.700000e-07	-7.733795e-06	-2.026457e-08	-5.454204e+01	-1.330999e+03
1.800000e-07	-7.683760e-06	-2.027535e-08	-5.418917e+01	-1.329959e+03
1.900000e-07	-7.630699e-06	-2.022731e-08	-5.381496e+01	-1.328704e+03
2.000000e-07	-7.574771e-06	-2.020659e-08	-5.342053e+01	-1.327234e+03
2.100000e-07	-7.516095e-06	-2.018111e-08	-5.300672e+01	-1.325612e+03
2.200000e-07	-7.454755e-06	-2.013967e-08	-5.257413e+01	-1.323923e+03
2.300000e-07	-7.390790e-06	-2.012444e-08	-5.212302e+01	-1.322217e+03
2.400000e-07	-7.324026e-06	-2.009597e-08	-5.165217e+01	-1.320477e+03
2.500000e-07	-7.254529e-06	-2.007841e-08	-5.116205e+01	-1.318633e+03
2.600000e-07	-7.182344e-06	-2.003474e-08	-5.065296e+01	-1.316600e+03
2.700000e-07	-7.107390e-06	-2.000172e-08	-5.012436e+01	-1.314331e+03
2.800000e-07	-7.029617e-06	-1.995153e-08	-4.957587e+01	-1.311850e+03
2.900000e-07	-6.949027e-06	-1.990962e-08	-4.900751e+01	-1.309235e+03
3.000000e-07	-6.865915e-06	-1.988434e-08	-4.842138e+01	-1.306579e+03
3.100000e-07	-6.780569e-06	-1.983860e-08	-4.781948e+01	-1.303933e+03
3.200000e-07	-6.692897e-06	-1.980522e-08	-4.720118e+01	-1.301281e+03
3.300000e-07	-6.602832e-06	-1.975622e-08	-4.656600e+01	-1.298542e+03
3.400000e-07	-6.510424e-06	-1.971007e-08	-4.591430e+01	-1.295618e+03
3.500000e-07	-6.415696e-06	-1.965672e-08	-4.524623e+01	-1.292447e+03
3.600000e-07	-6.318625e-06	-1.960451e-08	-4.456165e+01	-1.289035e+03
3.700000e-07	-6.219163e-06	-1.955326e-08	-4.386020e+01	-1.285454e+03
3.800000e-07	-6.117436e-06	-1.950096e-08	-4.314278e+01	-1.281794e+03
3.900000e-07	-6.013586e-06	-1.945016e-08	-4.241038e+01	-1.278109e+03
4.000000e-07	-5.907622e-06	-1.938440e-08	-4.166308e+01	-1.274384e+03
4.100000e-07	-5.799500e-06	-1.932201e-08	-4.090056e+01	-1.270535e+03
4.200000e-07	-5.689262e-06	-1.925455e-08	-4.012311e+01	-1.266456e+03
4.300000e-07	-5.576880e-06	-1.919268e-08	-3.933055e+01	-1.262079e+03
4.400000e-07	-5.462341e-06	-1.912589e-08	-3.852277e+01	-1.257412e+03
4.500000e-07	-5.345722e-06	-1.905375e-08	-3.770032e+01	-1.252531e+03
4.600000e-07	-5.227078e-06	-1.897769e-08	-3.686359e+01	-1.247541e+03
4.700000e-07	-5.106456e-06	-1.889933e-08	-3.601292e+01	-1.242502e+03
4.800000e-07	-4.983980e-06	-1.881693e-08	-3.514916e+01	-1.237392e+03
4.900000e-07	-4.859702e-06	-1.872937e-08	-3.427270e+01	-1.232103e+03
5.000000e-07	-4.733682e-06	-1.864352e-08	-3.338395e+01	-1.226497e+03
5.100000e-07	-4.606016e-06	-1.855312e-08	-3.248360e+01	-1.220478e+03
5.200000e-07	-4.476689e-06	-1.845975e-08	-3.157153e+01	-1.214045e+03
5.300000e-07	-4.345763e-06	-1.835751e-08	-3.064818e+01	-1.207302e+03
5.400000e-07	-4.213229e-06	-1.825044e-08	-2.971350e+01	-1.200394e+03
5.500000e-07	-4.079182e-06	-1.813889e-08	-2.876814e+01	-1.193434e+03
5.600000e-07	-3.943686e-06	-1.802628e-08	-2.781256e+01	-1.186421e+03
5.700000e-07	-3.806659e-06	-1.791087e-08	-2.684619e+01	-1.179236e+03
5.800000e-07	-3.668212e-06	-1.779070e-08	-2.586980e+01	-1.171688e+03
5.900000e-07	-3.528345e-06	-1.766724e-08	-2.488340e+01	-1.163613e+03
6.000000e-07	-3.386979e-06	-1.753910e-08	-2.388643e+01	-1.154956e+03
6.100000e-07	-3.244293e-06	-1.740694e-08	-2.288014e+01	-1.145803e+03
6.200000e-07	-3.100447e-06	-1.726774e-08	-2.186568e+01	-1.136330e+03
6.300000e-07	-2.955423e-06	-1.712168e-08	-2.084291e+01	-1.126698e+03
6.400000e-07	-2.809160e-06	-1.696945e-08	-1.981140e+01	-1.116954e+03
6.500000e-07	-2.661870e-06	-1.681191e-08	-1.877265e+01	-1.106984e+03
6.600000e-07	-2.513793e-06	-1.664491e-08	-1.772834e+01	-1.096558e+03
6.700000e-07	-2.364926e-06	-1.646853e-08	-1.667847e+01	-1.085437e+03
6.800000e-07	-2.215230e-06	-1.628715e-08	-1.562275e+01	-1.073498e+03
6.900000e-07	-2.064755e-06	-1.610178e-08	-1.456153e+01	-1.060794e+03
7.000000e-07	-1.913584e-06	-1.590663e-08	-1.349541e+01	-1.047515e+03
7.100000e-07	-1.761742e-06	-1.569793e-08	-1.242456e+01	-1.033874e+03
7.200000e-07	-1.609214e-06	-1.548024e-08	-1.134887e+01	-1.019958e+03
7.300000e-07	-1.456076e-06	-1.525379e-08	-1.026887e+01	-1.005649e+03
7.400000e-07	-1.302466e-06	-1.501743e-08	-9.185546e+00	-9.906475e+02
7.500000e-07	-1.148368e-06	-1.476765e-08	-8.098785e+00	-9.746080e+02
7.600000e-07	-9.938086e-07	-1.450496e-08	-7.008764e+00	-9.573046e+02
7.700000e-07	-8.389359e-07	-1.422838e-08	-5.916535e+00	-9.387387e+02
7.800000e-07	-6.837674e-07	-1.393612e-08	-4.822220e+00	-9.191110e+02
7.900000e-07	-5.283405e-07	-1.362695e-08	-3.726084e+00	-8.986602e+02
8.000000e-07	-3.727351e-07	-1.329686e-08	-2.628688e+00	-8.774449e+02
8.100000e-07	-2.169387e-07	-1.294761e-08	-1.529945e+00	-8.551937e+02
8.200000e-07	-6.105871e-08	-1.257578e-08	-4.306122e-01	-8.313240e+02
8.300000e-07	9.485209e-08	-1.217390e-08	6.689376e-01	-8.051441e+02
8.400000e-07	2.507998e-07	-1.173493e-08	1.768748e+00	-7.761392e+02
8.500000e-07	4.066253e-07	-1.125699e-08	2.867696e+00	-7.441638e+02
8.600000e-07	5.622295e-07	-1.073571e-08	3.965083e+00	-7.093668e+02
8.700000e-07	7.175974e-07	-1.015901e-08	5.060804e+00	-6.717858e+02
8.800000e-07	8.726783e-07	-9.513588e-09	6.154501e+00	-6.307141e+02
8.900000e-07	1.027454e-06	-8.777590e-09	7.246048e+00	-5.841073e+02
9.000000e-07	1.181894e-06	-7.916617e-09	8.335222e+00	-5.283617e+02
9.100000e-07	1.335950e-06	-6.876841e-09	9.421689e+00	-4.587166e+02
9.200000e-07	1.489522e-06	-5.567858e-09	1.050475e+01	-3.703220e+02
9.300000e-07	1.642460e-06	-3.874777e-09	1.158333e+01	-2.597372e+02
9.400000e-07	1.794747e-06	-1.783039e-09	1.265732e+01	-1.264052e+02
9.500000e-07	1.946404e-06	5.493689e-10	1.372688e+01	2.642530e+01
9.600000e-07	2.097458e-06	2.972029e-09	1.479217e+01	1.917261e+02
9.700000e-07	2.247877e-06	5.432163e-09	1.585299e+01	3.597671e+02
9.800000e-07	2.397502e-06	7.863111e-09	1.690821e+01	5.199933e+02
9.900000e-07	2.546200e-06	1.010776e-08	1.795689e+01	6.631666e+02
1.000000e-06	2.693934e-06	1.195431e-08	1.899878e+01	7.831408e+02
1.010000e-06	2.840733e-06	1.333163e-08	2.003407e+01	8.777658e+02
1.020000e-06	2.986506e-06	1.434369e-08	2.106212e+01	9.487128e+02
1.030000e-06	3.131091e-06	1.510791e-08	2.208180e+01	1.000378e+03
1.040000e-06	3.274548e-06	1.569956e-08	2.309352e+01	1.038300e+03
1.050000e-06	3.416855e-06	1.617248e-08	2.409712e+01	1.067630e+03
1.060000e-06	3.557812e-06	1.656324e-08	2.509121e+01	1.092114e+03
1.070000e-06	3.697405e-06	1.689150e-08	2.607568e+01	1.113777e+03
1.080000e-06	3.835589e-06	1.717054e-08	2.705021e+01	1.133240e+03
1.090000e-06	3.972300e-06	1.741167e-08	2.801436e+01	1.150396e+03
1.100000e-06	4.107591e-06	1.762592e-08	2.896849e+01	1.165075e+03
1.110000e-06	4.241393e-06	1.782136e-08	2.991212e+01	1.177450e+03
1.120000e-06	4.373638e-06	1.799764e-08	3.084477e+01	1.188086e+03
1.130000e-06	4.504365e-06	1.815656e-08	3.176671e+01	1.197716e+03
1.140000e-06	4.633454e-06	1.830251e-08	3.267710e+01	1.206931e+03
1.150000e-06	4.760892e-06	1.843835e-08	3.357585e+01	1.215976e+03
1.160000e-06	4.886697e-06	1.856571e-08	3.446308e+01	1.224742e+03
1.170000e-06	5.010790e-06	1.868404e-08	3.533824e+01	1.232930e+03
1.180000e-06	5.133099e-06	1.879414e-08	3.620081e+01	1.240287e+03
1.190000e-06	5.253527e-06	1.889705e-08	3.705013e+01	1.246772e+03
1.200000e-06	5.372011e-06	1.899510e-08	3.788572e+01	1.252585e+03
1.210000e-06	5.488491e-06	1.908768e-08	3.870719e+01	1.258049e+03
1.220000e-06	5.602864e-06	1.917325e-08	3.951379e+01	1.263443e+03
1.230000e-06	5.715073e-06	1.925304e-08	4.030514e+01	1.268871e+03
1.240000e-06	5.825213e-06	1.932986e-08	4.108190e+01	1.274232e+03
1.250000e-06	5.933363e-06	1.940382e-08	4.184462e+01	1.279310e+03
1.260000e-06	6.039386e-06	1.947306e-08	4.259234e+01	1.283918e+03
1.270000e-06	6.143205e-06	1.953885e-08	4.332451e+01	1.288008e+03
1.280000e-06	6.244821e-06	1.960269e-08	4.404115e+01	1.291696e+03
1.290000e-06	6.344166e-06	1.966339e-08	4.474178e+01	1.295197e+03
1.300000e-06	6.441191e-06	1.971906e-08	4.542604e+01	1.298699e+03
1.310000e-06	6.535923e-06	1.977252e-08	4.609413e+01	1.302266e+03
1.320000e-06	6.628406e-06	1.982600e-08	4.674636e+01	1.305810e+03
1.330000e-06	6.718510e-06	1.987615e-08	4.738181e+01	1.309151e+03
1.340000e-06	6.806200e-06	1.992088e-08	4.800024e+01	1.312125e+03
1.350000e-06	6.891593e-06	1.996041e-08	4.860247e+01	1.314686e+03
1.360000e-06	6.974678e-06	1.999759e-08	4.918841e+01	1.316930e+03
1.370000e-06	7.055267e-06	2.003640e-08	4.975676e+01	1.319049e+03
1.380000e-06	7.133222e-06	2.007666e-08	5.030654e+01	1.321228e+03
1.390000e-06	7.208447e-06	2.011525e-08	5.083706e+01	1.323546e+03
1.400000e-06	7.280935e-06	2.015176e-08	5.134827e+01	1.325940e+03
1.410000e-06	7.350876e-06	2.018517e-08	5.184153e+01	1.328243e+03
1.420000e-06	7.418249e-06	2.021461e-08	5.231667e+01	1.330275e+03
1.430000e-06	7.482910e-06	2.024137e-08	5.277269e+01	1.331946e+03
1.440000e-06	7.545007e-06	2.026750e-08	5.321062e+01	1.333301e+03
1.450000e-06	7.604575e-06	2.029372e-08	5.363072e+01	1.334494e+03
1.460000e-06	7.661419e-06	2.032001e-08	5.403161e+01	1.335708e+03
1.470000e-06	7.715381e-06	2.034528e-08	5.441217e+01	1.337052e+03
1.480000e-06	7.766247e-06	2.036749e-08	5.477090e+01	1.338512e+03
1.490000e-06	7.814062e-06	2.038726e-08	5.510811e+01	1.339961e+03
1.500000e-06	7.859104e-06	2.040546e-08	5.542577e+01	1.341230e+03
1.510000e-06	7.901371e-06	2.042231e-08	5.572385e+01	1.342205e+03
1.520000e-06	7.940759e-06	2.043742e-08	5.600163e+01	1.342889e+03
1.530000e-06	7.977377e-06	2.045095e-08	5.625988e+01	1.343397e+03
1.540000e-06	8.011205e-06	2.046416e-08	5.649845e+01	1.343895e+03
1.550000e-06	8.042218e-06	2.047833e-08	5.671717e+01	1.344512e+03
1.560000e-06	8.070544e-06	2.049150e-08	5.691694e+01	1.345265e+03
1.570000e-06	8.095982e-06	2.050236e-08	5.709633e+01	1.346060e+03
1.580000e-06	8.118428e-06	2.051350e-08	5.725463e+01	1.346736e+03
1.590000e-06	8.138141e-06	2.052335e-08	5.739365e+01	1.347158e+03
1.600000e-06	8.155024e-06	2.052935e-08	5.751272e+01	1.347287e+03
1.610000e-06	8.168829e-06	2.053240e-08	5.761008e+01	1.347203e+03
1.620000e-06	8.179457e-06	2.053489e-08	5.768503e+01	1.347060e+03
1.630000e-06	8.187014e-06	2.053877e-08	5.773833e+01	1.347007e+03
1.640000e-06	8.191741e-06	2.054222e-08	5.777166e+01	1.347104e+03
1.650000e-06	8.193598e-06	2.054465e-08	5.778476e+01	1.347297e+03
1.660000e-06	8.192662e-06	2.054439e-08	5.777816e+01	1.347446e+03
1.670000e-06	8.189070e-06	2.054517e-08	5.775283e+01	1.347396e+03
1.680000e-06	8.182695e-06	2.054296e-08	5.770787e+01	1.347064e+03
1.690000e-06	8.173520e-06	2.053717e-08	5.764316e+01	1.346476e+03
1.700000e-06	8.161533e-06	2.053039e-08	5.755862e+01	1.345752e+03
1.710000e-06	8.146751e-06	2.052427e-08	5.745437e+01	1.345043e+03
1.720000e-06	8.129428e-06	2.052271e-08	5.733221e+01	1.344448e+03
1.730000e-06	8.109651e-06	2.050366e-08	5.719273e+01	1.343966e+03
1.740000e-06	8.086980e-06	2.048495e-08	5.703284e+01	1.343501e+03
1.750000e-06	8.060688e-06	2.046534e-08	5.684742e+01	1.342915e+03
1.760000e-06	8.030632e-06	2.044889e-08	5.663545e+01	1.342108e+03
1.770000e-06	7.997515e-06	2.044828e-08	5.640190e+01	1.341067e+03
1.780000e-06	7.962006e-06	2.045309e-08	5.615148e+01	1.339875e+03
1.790000e-06	7.924224e-06	2.044205e-08	5.588502e+01	1.338667e+03
1.800000e-06	7.884355e-06	2.039592e-08	5.560385e+01	1.337560e+03
1.810000e-06	7.842235e-06	2.040994e-08	5.530680e+01	1.336591e+03
1.820000e-06	7.797298e-06	2.038718e-08	5.498989e+01	1.335702e+03
1.830000e-06	7.749514e-06	2.037950e-08	5.465289e+01	1.334773e+03
1.840000e-06	7.698687e-06	2.038363e-08	5.429444e+01	1.333685e+03
1.850000e-06	7.644730e-06	2.033174e-08	5.391391e+01	1.332374e+03
1.860000e-06	7.588006e-06	2.034894e-08	5.351387e+01	1.330858e+03
1.870000e-06	7.528579e-06	2.032127e-08	5.309477e+01	1.329213e+03
1.880000e-06	7.466488e-06	2.030565e-08	5.265687e+01	1.327518e+03
1.890000e-06	7.401623e-06	2.026595e-08	5.219942e+01	1.325808e+03
1.900000e-06	7.333914e-06	2.021529e-08	5.172190e+01	1.324051e+03
1.910000e-06	7.263433e-06	2.019925e-08	5.122484e+01	1.322167e+03
1.920000e-06	7.190173e-06	2.015523e-08	5.070818e+01	1.320077e+03
1.930000e-06	7.114252e-06	2.014923e-08	5.017275e+01	1.317752e+03
1.940000e-06	7.035639e-06	2.010612e-08	4.961834e+01	1.315229e+03
1.950000e-06	6.954429e-06	2.007815e-08	4.904561e+01	1.312596e+03
1.960000e-06	6.870732e-06	2.003803e-08	4.845535e+01	1.309940e+03
1.970000e-06	6.784475e-06	1.997811e-08	4.784703e+01	1.307298e+03
1.980000e-06	6.695734e-06	1.993547e-08	4.722118e+01	1.304634e+03
1.990000e-06	6.604674e-06	1.988554e-08	4.657899e+01	1.301858e+03
2.000000e-06	6.511439e-06	1.986212e-08	4.592146e+01	1.298876e+03
2.010000e-06	6.415886e-06	1.981289e-08	4.524757e+01	1.295642e+03
2.020000e-06	6.318048e-06	1.976402e-08	4.455758e+01	1.292180e+03
2.030000e-06	6.217940e-06	1.969515e-08	4.385157e+01	1.288572e+03
2.040000e-06	6.115453e-06	1.964039e-08	4.312879e+01	1.284903e+03
2.050000e-06	6.010755e-06	1.958868e-08	4.239042e+01	1.281214e+03
2.060000e-06	5.903953e-06	1.953075e-08	4.163721e+01	1.277467e+03
2.070000e-06	5.795105e-06	1.947455e-08	4.086956e+01	1.273571e+03
2.080000e-06	5.684185e-06	1.940711e-08	4.008730e+01	1.269422e+03
2.090000e-06	5.571072e-06	1.934288e-08	3.928958e+01	1.264969e+03
2.100000e-06	5.455736e-06	1.926380e-08	3.847619e+01	1.260239e+03
2.110000e-06	5.338330e-06	1.919065e-08	3.764819e+01	1.255323e+03
2.120000e-06	5.218927e-06	1.911521e-08	3.680611e+01	1.250318e+03
2.130000e-06	5.097579e-06	1.905183e-08	3.595031e+01	1.245268e+03
2.140000e-06	4.974392e-06	1.897633e-08	3.508154e+01	1.240126e+03
2.150000e-06	4.849458e-06	1.888880e-08	3.420045e+01	1.234771e+03
2.160000e-06	4.722795e-06	1.879137e-08	3.330718e+01	1.229068e+03
2.170000e-06	4.594395e-06	1.869607e-08	3.240164e+01	1.222942e+03
2.180000e-06	4.464374e-06	1.860225e-08	3.148468e+01	1.216419e+03
2.190000e-06	4.332788e-06	1.850396e-08	3.055668e+01	1.209621e+03
2.200000e-06	4.199695e-06	1.840519e-08	2.961804e+01	1.202694e+03
2.210000e-06	4.065104e-06	1.830391e-08	2.866885e+01	1.195726e+03
2.220000e-06	3.928940e-06	1.820393e-08	2.770857e+01	1.188687e+03
2.230000e-06	3.791266e-06	1.809192e-08	2.673763e+01	1.181430e+03
2.240000e-06	3.652205e-06	1.796909e-08	2.575691e+01	1.173763e+03
2.250000e-06	3.511834e-06	1.783734e-08	2.476695e+01	1.165542e+03
2.260000e-06	3.370224e-06	1.770468e-08	2.376826e+01	1.156749e+03
2.270000e-06	3.227317e-06	1.756965e-08	2.276042e+01	1.147499e+03
2.280000e-06	3.083109e-06	1.742862e-08	2.174340e+01	1.137974e+03
2.290000e-06	2.937821e-06	1.728081e-08	2.071877e+01	1.128316e+03
2.300000e-06	2.791567e-06	1.713147e-08	1.968733e+01	1.118533e+03
2.310000e-06	2.644367e-06	1.697794e-08	1.864921e+01	1.108474e+03
2.320000e-06	2.496269e-06	1.681350e-08	1.760476e+01	1.097894e+03
2.330000e-06	2.347276e-06	1.663634e-08	1.655400e+01	1.086574e+03
2.340000e-06	2.197465e-06	1.645261e-08	1.549746e+01	1.074433e+03
2.350000e-06	2.046901e-06	1.626491e-08	1.443562e+01	1.061564e+03
2.360000e-06	1.895578e-06	1.607088e-08	1.336843e+01	1.048178e+03
2.370000e-06	1.743526e-06	1.586474e-08	1.229609e+01	1.034468e+03
2.380000e-06	1.590748e-06	1.564718e-08	1.121864e+01	1.020474e+03
2.390000e-06	1.437369e-06	1.542196e-08	1.013694e+01	1.006025e+03
2.400000e-06	1.283562e-06	1.518609e-08	9.052231e+00	9.907949e+02
2.410000e-06	1.129329e-06	1.493628e-08	7.964510e+00	9.744532e+02
2.420000e-06	9.747434e-07	1.467177e-08	6.874308e+00	9.568252e+02
2.430000e-06	8.198757e-07	1.439527e-08	5.782115e+00	9.379705e+02
2.440000e-06	6.646435e-07	1.410353e-08	4.687351e+00	9.181185e+02
2.450000e-06	5.091260e-07	1.379237e-08	3.590575e+00	8.974830e+02
2.460000e-06	3.534885e-07	1.345605e-08	2.492952e+00	8.760487e+02
2.470000e-06	1.977615e-07	1.309649e-08	1.394699e+00	8.534569e+02
2.480000e-06	4.198160e-08	1.271808e-08	2.960722e-01	8.290730e+02
2.490000e-06	-1.137627e-07	1.231487e-08	-8.023032e-01	8.022230e+02
2.500000e-06	-2.694481e-07	1.187523e-08	-1.900263e+00	7.724743e+02
2.510000e-06	-4.250311e-07	1.139379e-08	-2.997501e+00	7.397750e+02
2.520000e-06	-5.804329e-07	1.086588e-08	-4.093461e+00	7.042964e+02
2.530000e-06	-7.356107e-07	1.027807e-08	-5.187842e+00	6.659533e+02
2.540000e-06	-8.904843e-07	9.613757e-09	-6.280076e+00	6.237513e+02
2.550000e-06	-1.045028e-06	8.851423e-09	-7.369983e+00	5.752557e+02
2.560000e-06	-1.199242e-06	7.960288e-09	-8.457568e+00	5.165084e+02
2.570000e-06	-1.353049e-06	6.882649e-09	-9.542278e+00	4.426034e+02
2.580000e-06	-1.506406e-06	5.514784e-09	-1.062382e+01	3.488944e+02
2.590000e-06	-1.659222e-06	3.729086e-09	-1.170154e+01	2.325364e+02
2.600000e-06	-1.811381e-06	1.507646e-09	-1.277464e+01	9.386933e+01
2.610000e-06	-1.962824e-06	-9.616401e-10	-1.384267e+01	-6.286869e+01
2.620000e-06	-2.113493e-06	-3.472033e-09	-1.490526e+01	-2.298347e+02
2.630000e-06	-2.263388e-06	-5.965144e-09	-1.596238e+01	-3.968956e+02
2.640000e-06	-2.412465e-06	-8.417461e-09	-1.701374e+01	-5.536284e+02
2.650000e-06	-2.560616e-06	-1.065187e-08	-1.805856e+01	-6.914287e+02
2.660000e-06	-2.707857e-06	-1.243328e-08	-1.909697e+01	-8.051063e+02
2.670000e-06	-2.854209e-06	-1.374140e-08	-2.012910e+01	-8.935237e+02
2.680000e-06	-2.999592e-06	-1.470956e-08	-2.115441e+01	-9.591645e+02
2.690000e-06	-3.143931e-06	-1.544328e-08	-2.217235e+01	-1.006866e+03
2.700000e-06	-3.287074e-06	-1.600897e-08	-2.318185e+01	-1.042199e+03
2.710000e-06	-3.428935e-06	-1.645905e-08	-2.418232e+01	-1.070033e+03
2.720000e-06	-3.569443e-06	-1.683417e-08	-2.517324e+01	-1.093686e+03
2.730000e-06	-3.708538e-06	-1.715473e-08	-2.615420e+01	-1.114781e+03
2.740000e-06	-3.846298e-06	-1.742799e-08	-2.712574e+01	-1.133689e+03
2.750000e-06	-3.982650e-06	-1.766260e-08	-2.808736e+01	-1.150232e+03
2.760000e-06	-4.117514e-06	-1.787030e-08	-2.903847e+01	-1.164302e+03
2.770000e-06	-4.250919e-06	-1.805900e-08	-2.997930e+01	-1.176177e+03
2.780000e-06	-4.382788e-06	-1.822742e-08	-3.090930e+01	-1.186492e+03
2.790000e-06	-4.513063e-06	-1.837611e-08	-3.182805e+01	-1.195974e+03
2.800000e-06	-4.641755e-06	-1.851593e-08	-3.273564e+01	-1.205138e+03
2.810000e-06	-4.768780e-06	-1.865192e-08	-3.363148e+01	-1.214134e+03
2.820000e-06	-4.894082e-06	-1.877683e-08	-3.451516e+01	-1.222785e+03
2.830000e-06	-5.017692e-06	-1.888505e-08	-3.538691e+01	-1.230782e+03
2.840000e-06	-5.139484e-06	-1.898402e-08	-3.624584e+01	-1.237915e+03
2.850000e-06	-5.259375e-06	-1.908234e-08	-3.709136e+01	-1.244205e+03
2.860000e-06	-5.377304e-06	-1.917824e-08	-3.792305e+01	-1.249898e+03
2.870000e-06	-5.493104e-06	-1.926785e-08	-3.873972e+01	-1.255323e+03
2.880000e-06	-5.606671e-06	-1.935055e-08	-3.954065e+01	-1.260725e+03
2.890000e-06	-5.717987e-06	-1.942884e-08	-4.032569e+01	-1.266151e+03
2.900000e-06	-5.827224e-06	-1.950320e-08	-4.109608e+01	-1.271462e+03
2.910000e-06	-5.934499e-06	-1.957059e-08	-4.185263e+01	-1.276436e+03
2.920000e-06	-6.039751e-06	-1.963016e-08	-4.259491e+01	-1.280912e+03
2.930000e-06	-6.142838e-06	-1.968963e-08	-4.332192e+01	-1.284884e+03
2.940000e-06	-6.243646e-06	-1.975408e-08	-4.403287e+01	-1.288504e+03
2.950000e-06	-6.342258e-06	-1.981691e-08	-4.472832e+01	-1.291991e+03
2.960000e-06	-6.438730e-06	-1.987054e-08	-4.540868e+01	-1.295509e+03
2.970000e-06	-6.532929e-06	-1.991579e-08	-4.607301e+01	-1.299083e+03
2.980000e-06	-6.624735e-06	-1.996090e-08	-4.672047e+01	-1.302593e+03
2.990000e-06	-6.714255e-06	-2.000566e-08	-4.735180e+01	-1.305854e+03
3.000000e-06	-6.801512e-06	-2.004580e-08	-4.796717e+01	-1.308723e+03
3.010000e-06	-6.886320e-06	-2.008196e-08	-4.856528e+01	-1.311190e+03
3.020000e-06	-6.968630e-06	-2.011909e-08	-4.914577e+01	-1.313383e+03
3.030000e-06	-7.048421e-06	-2.015983e-08	-4.970848e+01	-1.315502e+03
3.040000e-06	-7.125512e-06	-2.019697e-08	-5.025216e+01	-1.317713e+03
3.050000e-06	-7.199856e-06	-2.022437e-08	-5.077647e+01	-1.320061e+03
3.060000e-06	-7.271554e-06	-2.024611e-08	-5.128211e+01	-1.322449e+03
3.070000e-06	-7.340593e-06	-2.027135e-08	-5.176900e+01	-1.324699e+03
3.080000e-06	-7.407027e-06	-2.030059e-08	-5.223752e+01	-1.326644e+03
3.090000e-06	-7.470906e-06	-2.032604e-08	-5.268803e+01	-1.328226e+03
3.100000e-06	-7.532052e-06	-2.034553e-08	-5.311926e+01	-1.329522e+03
3.110000e-06	-7.590488e-06	-2.036478e-08	-5.353137e+01	-1.330704e+03
3.120000e-06	-7.646265e-06	-2.038565e-08	-5.392473e+01	-1.331944e+03
3.130000e-06	-7.699114e-06	-2.040382e-08	-5.429745e+01	-1.333323e+03
3.140000e-06	-7.748871e-06	-2.041743e-08	-5.464836e+01	-1.334795e+03
3.150000e-06	-7.795570e-06	-2.042978e-08	-5.497770e+01	-1.336214e+03
3.160000e-06	-7.839546e-06	-2.044428e-08	-5.528784e+01	-1.337416e+03
3.170000e-06	-7.881021e-06	-2.045867e-08	-5.558033e+01	-1.338312e+03
3.180000e-06	-7.919816e-06	-2.046963e-08	-5.585393e+01	-1.338937e+03
3.190000e-06	-7.955817e-06	-2.047622e-08	-5.610783e+01	-1.339426e+03
3.200000e-06	-7.989085e-06	-2.048324e-08	-5.634245e+01	-1.339945e+03
3.210000e-06	-8.019466e-06	-2.049179e-08	-5.655671e+01	-1.340599e+03
3.220000e-06	-8.046880e-06	-2.049716e-08	-5.675005e+01	-1.341375e+03
3.230000e-06	-8.071508e-06	-2.049856e-08	-5.692373e+01	-1.342155e+03
3.240000e-06	-8.093263e-06	-2.049961e-08	-5.707716e+01	-1.342777e+03
3.250000e-06	-8.112130e-06	-2.050413e-08	-5.721022e+01	-1.343123e+03
3.260000e-06	-8.128138e-06	-2.050859e-08	-5.732311e+01	-1.343187e+03
3.270000e-06	-8.141045e-06	-2.050817e-08	-5.741413e+01	-1.343072e+03
3.280000e-06	-8.150858e-06	-2.050505e-08	-5.748334e+01	-1.342940e+03
3.290000e-06	-8.157750e-06	-2.050326e-08	-5.753195e+01	-1.342922e+03
3.300000e-06	-8.161763e-06	-2.050131e-08	-5.756025e+01	-1.343052e+03
3.310000e-06	-8.163013e-06	-2.049735e-08	-5.756906e+01	-1.343249e+03
